0.000000000000000000e+00 1.656796482386545447e-16 0.000000000000000000e+00
5.000000000000000278e-02 1.761082584438488781e-07 1.777010868456203608e-05
1.000000000000000056e-01 2.811239069290910955e-06 1.418675652378801580e-04
1.499999999999999944e-01 1.417738221361863618e-05 4.771591102603127106e-04
2.000000000000000111e-01 4.456809204053609240e-05 1.125617690917798432e-03
2.500000000000000000e-01 1.080646079326931871e-04 2.184943326104221272e-03
2.999999999999999889e-01 2.222197115660045047e-04 3.747263100133923965e-03
3.499999999999999778e-01 4.076700637677120359e-04 5.897933103326332901e-03
4.000000000000000222e-01 6.876900786162365919e-04 8.714462254902856711e-03
4.500000000000000111e-01 1.087702184311133483e-03 1.226557454046777774e-02
5.000000000000000000e-01 1.634759518604547929e-03 1.661042239498551967e-02
5.500000000000000444e-01 2.357017664912954436e-03 2.179795989791719416e-02
5.999999999999999778e-01 3.283211933583803435e-03 2.786648026340029713e-02
6.500000000000000222e-01 4.442155938251367807e-03 3.484331795086154093e-02
6.999999999999999556e-01 5.862275843664531590e-03 4.274471173285181169e-02
7.500000000000000000e-01 7.571192728158514414e-03 5.157582137109010395e-02
8.000000000000000444e-01 9.595363093439284938e-03 6.133088728875733114e-02
8.499999999999999778e-01 1.195978476857465986e-02 7.199351988866735386e-02
9.000000000000000222e-01 1.468777241154951493e-02 8.353710303254578695e-02
9.499999999999999556e-01 1.780080363860447878e-02 9.592529472069437346e-02
1.000000000000000000e+00 2.131843364241045591e-02 1.091126072213041281e-01
1.050000000000000044e+00 2.525827312840945790e-02 1.230450487944181881e-01
1.100000000000000089e+00 2.963602163228949704e-02 1.376608097095186611e-01
1.149999999999999911e+00 3.446554589759707327e-02 1.528909764145224837e-01
1.199999999999999956e+00 3.975899109229399930e-02 1.686602594008728140e-01
1.250000000000000000e+00 4.552691130810011810e-02 1.848877224276972986e-01
1.300000000000000044e+00 5.177840507490602540e-02 2.014875032052905746e-01
1.350000000000000089e+00 5.852124156680895556e-02 2.183695182711697658e-01
1.399999999999999911e+00 6.576196378169672785e-02 2.354401474918020043e-01
1.449999999999999956e+00 7.350595622058947454e-02 2.526028962607604345e-01
1.500000000000000000e+00 8.175746642730846725e-02 2.697590359158008599e-01
1.550000000000000044e+00 9.051957209992289588e-02 2.868082250498882324e-01
1.600000000000000089e+00 9.979408825742663858e-02 3.036491161464580091e-01
1.649999999999999911e+00 1.095814120248363860e-01 3.201799532483737831e-01
1.699999999999999956e+00 1.198803058605156652e-01 3.362991671168451546e-01
1.750000000000000000e+00 1.306876233558360301e-01 3.519059745195547984e-01
1.800000000000000044e+00 1.419979849511985581e-01 3.669009879010203812e-01
1.850000000000000089e+00 1.538034138985925892e-01 3.811868407536757042e-01
1.899999999999999911e+00 1.660929454321198873e-01 3.946688325714585166e-01
1.949999999999999956e+00 1.788522242704682075e-01 4.072555953983243437e-01
2.000000000000000000e+00 1.920631071734601181e-01 4.188597817718751615e-01
2.049999999999999822e+00 2.057032882347732405e-01 4.293987714134747113e-01
2.100000000000000089e+00 2.197459648659421672e-01 4.387953914490891338e-01
2.149999999999999911e+00 2.341595619912009429e-01 4.469786423847867396e-01
2.200000000000000178e+00 2.489075308349381066e-01 4.538844196340879877e-01
2.250000000000000000e+00 2.639482368778011678e-01 4.594562182240854442e-01
2.299999999999999822e+00 2.792349491446857734e-01 4.636458065071561441e-01
2.350000000000000089e+00 2.947159400530939277e-01 4.664138533749077609e-01
2.399999999999999911e+00 3.103347016997501373e-01 4.677304926919885197e-01
2.450000000000000178e+00 3.260302808197936275e-01 4.675758084988203556e-01
2.500000000000000000e+00 3.417377308510839984e-01 4.659402250087230080e-01
2.549999999999999822e+00 3.573886757176706896e-01 4.628247865543725914e-01
2.600000000000000089e+00 3.729119762536945437e-01 4.582413144020979212e-01
2.649999999999999911e+00 3.882344867598696569e-01 4.522124297046530295e-01
2.700000000000000178e+00 4.032818861471050842e-01 4.447714347332398788e-01
2.750000000000000000e+00 4.179795655886202055e-01 4.359620478248436570e-01
2.799999999999999822e+00 4.322535526664700312e-01 4.258379910896120113e-01
2.850000000000000089e+00 4.460314507309908194e-01 4.144624337188717034e-01
2.899999999999999911e+00 4.592433716367574914e-01 4.019072975816485038e-01
2.950000000000000178e+00 4.718228401931606197e-01 3.882524355562996798e-01
3.000000000000000000e+00 4.837076495605303061e-01 3.735846965755029170e-01
3.049999999999999822e+00 4.948406483952773605e-01 3.579968945356754584e-01
3.100000000000000089e+00 5.051704427352543547e-01 3.415867009164602064e-01
3.149999999999999911e+00 5.146519983318501579e-01 3.244554830696667058e-01
3.200000000000000178e+00 5.232471322709969508e-01 3.067071115886513821e-01
3.250000000000000000e+00 5.309248861588864443e-01 2.884467609016687084e-01
3.299999999999999822e+00 5.376617767471836284e-01 2.697797272160833981e-01
3.350000000000000089e+00 5.434419234994203318e-01 2.508102871725889083e-01
3.399999999999999911e+00 5.482570561183346403e-01 2.316406190759418282e-01
3.450000000000000178e+00 5.521064083325849525e-01 2.123698064048236411e-01
3.500000000000000000e+00 5.549965071613828238e-01 1.930929405471852045e-01
3.549999999999999822e+00 5.569408693340501815e-01 1.739003364598447898e-01
3.600000000000000089e+00 5.579596184554309612e-01 1.548768713316557577e-01
3.649999999999999911e+00 5.580790378179641964e-01 1.361014524711580131e-01
3.700000000000000178e+00 5.573310744330539634e-01 1.176466166837394356e-01
3.750000000000000000e+00 5.557528098810847750e-01 9.957825949419756018e-02
3.799999999999999822e+00 5.533859129806646404e-01 8.195548884966416536e-02
3.850000000000000089e+00 5.502760880989816528e-01 6.483059453835610109e-02
3.899999999999999911e+00 5.464725312358088560e-01 4.824912160109073866e-02
3.950000000000000178e+00 5.420274039035760660e-01 3.225003359648764140e-02
4.000000000000000000e+00 5.369953324017794349e-01 1.686594978660912320e-02
4.049999999999999822e+00 5.314329374646445947e-01 2.123439191750042029e-03
4.099999999999999645e+00 5.253983965723760807e-01 -1.195664595166796677e-02
4.150000000000000355e+00 5.189510385861683117e-01 -2.535881450852559352e-02
4.200000000000000178e+00 5.121509679193834152e-01 -3.807257475490717635e-02
4.250000000000000000e+00 5.050587133069307511e-01 -5.009208131791324098e-02
4.299999999999999822e+00 4.977348944830114474e-01 -6.141580326410612384e-02
4.349999999999999645e+00 4.902398988070078012e-01 -7.204622329766326161e-02
4.400000000000000355e+00 4.826335591496360156e-01 -8.198957514957590231e-02
4.450000000000000178e+00 4.749748242034421142e-01 -9.125562316590205003e-02
4.500000000000000000e+00 4.673214128242160759e-01 -9.985748497118586420e-02
4.549999999999999822e+00 4.597294450273097799e-01 -1.078114950287274304e-01
4.599999999999999645e+00 4.522530438135945463e-01 -1.151371040737685369e-01
4.650000000000000355e+00 4.449439040179926641e-01 -1.218568068802989984e-01
4.700000000000000178e+00 4.378508267716285096e-01 -1.279960887436886185e-01
4.750000000000000000e+00 4.310192208410537629e-01 -1.335833795070694163e-01
4.799999999999999822e+00 4.244905749354055957e-01 -1.386500029940364864e-01
4.849999999999999645e+00 4.183019079266223628e-01 -1.432301093733140684e-01
4.900000000000000355e+00 4.124852066774140069e-01 -1.473605782851093726e-01
4.950000000000000178e+00 4.070668636870244383e-01 -1.510808814895072127e-01
5.000000000000000000e+00 4.020671289238416657e-01 -1.544328953132588778e-01
5.049999999999999822e+00 3.974995919072091821e-01 -1.574606552068757992e-01
5.099999999999999645e+00 3.933707112362054836e-01 -1.602100471912349666e-01
5.150000000000000355e+00 3.896794092698785961e-01 -1.627284337657325941e-01
5.200000000000000178e+00 3.864167494950708770e-01 -1.650642148484779692e-01
5.250000000000000000e+00 3.835657132547521386e-01 -1.672663273941301376e-01
5.299999999999999822e+00 3.811010909596667107e-01 -1.693836903543769201e-01
5.349999999999999645e+00 3.789895007047098807e-01 -1.714646044792932644e-01
5.400000000000000355e+00 3.771895444209724668e-01 -1.735561189818090599e-01
5.450000000000000178e+00 3.756521084013978440e-01 -1.757033791916389198e-01
5.500000000000000000e+00 3.743208113501025891e-01 -1.779489709158060817e-01
5.549999999999999822e+00 3.731325991474236381e-01 -1.803322782276312042e-01
5.599999999999999645e+00 3.720184814316498390e-01 -1.828888717762340854e-01
5.650000000000000355e+00 3.709044010182721007e-01 -1.856499444215100603e-01
5.700000000000000178e+00 3.697122232538589959e-01 -1.886418100595981528e-01
5.750000000000000000e+00 3.683608287756162114e-01 -1.918854799422767543e-01
5.799999999999999822e+00 3.667672899507458673e-01 -1.953963286672973365e-01
5.849999999999999645e+00 3.648481086185018651e-01 -1.991838594055520828e-01
5.900000000000000355e+00 3.625204907494377626e-01 -2.032515749354086854e-01
5.950000000000000178e+00 3.597036323446162198e-01 -2.075969577907271491e-01
6.000000000000000000e+00 3.563199903702231053e-01 -2.122115594244898262e-01
6.049999999999999822e+00 3.522965127797301754e-01 -2.170811948782330192e-01
6.099999999999999645e+00 3.475658027074556844e-01 -2.221862361626855964e-01
6.150000000000000355e+00 3.420671936865357088e-01 -2.275019945265880639e-01
6.200000000000000178e+00 3.357477151865776999e-01 -2.329991791377203081e-01
6.250000000000000000e+00 3.285629307929005538e-01 -2.386444175268417345e-01
6.299999999999999822e+00 3.204776348506492845e-01 -2.444008215364474323e-01
6.349999999999999645e+00 3.114663972471710673e-01 -2.502285815339420072e-01
6.400000000000000355e+00 3.015139500671318862e-01 -2.560855713298089698e-01
6.450000000000000178e+00 2.906154139831819694e-01 -2.619279465954134634e-01
6.500000000000000000e+00 2.787763662961282307e-01 -2.677107205847342186e-01
6.549999999999999822e+00 2.660127563732981315e-01 -2.733883025855318172e-01
6.599999999999999645e+00 2.523506777232128462e-01 -2.789149866892469687e-01
6.650000000000000355e+00 2.378260089754245521e-01 -2.842453810842746065e-01
6.700000000000000178e+00 2.224839385126734792e-01 -2.893347710348350144e-01
6.750000000000000000e+00 2.063783893577861572e-01 -2.941394118841144101e-01
6.799999999999999822e+00 1.895713621052137754e-01 -2.986167516834694613e-01
6.849999999999999645e+00 1.721322141890171686e-01 -3.027255862635677697e-01
6.900000000000000355e+00 1.541368936054817174e-01 -3.064261525946186948e-01
6.950000000000000178e+00 1.356671443960270618e-01 -3.096801690051276812e-01
7.000000000000000000e+00 1.168096998064400149e-01 -3.124508331283153417e-01
7.049999999999999822e+00 9.765547715559765030e-02 -3.147027902261965160e-01
7.099999999999999645e+00 7.829878617305149890e-02 -3.164020857283708632e-01
7.150000000000000355e+00 5.883656001647534495e-02 -3.175161163652194252e-01
7.200000000000000178e+00 3.936761548233635999e-02 -3.180135941493495988e-01
7.250000000000000000e+00 1.999194620519238047e-02 -3.178645366682501527e-01
7.299999999999999822e+00 8.100500299088735394e-04 -3.170402957260946009e-01
7.349999999999999645e+00 -1.807771064314899617e-02 -3.155136343707083957e-01
7.400000000000000355e+00 -3.657171878953013877e-02 -3.132588598440753658e-01
7.450000000000000178e+00 -5.457368784212986157e-02 -3.102520171033955054e-01
7.500000000000000000e+00 -7.198722792355966016e-02 -3.064711443933200163e-01
7.549999999999999822e+00 -8.871839981427623312e-02 -3.018965890391521190e-01
7.599999999999999645e+00 -1.046762632597661863e-01 -2.965113783127875657e-01
7.650000000000000355e+00 -1.197734256773948791e-01 -2.903016370363407650e-01
7.700000000000000178e+00 -1.339265962500014451e-01 -2.832570406666450880e-01
7.750000000000000000e+00 -1.470571488438841834e-01 -2.753712900711177136e-01
7.799999999999999822e+00 -1.590916952405403428e-01 -2.666425921709197899e-01
7.849999999999999645e+00 -1.699626679207044411e-01 -2.570741291805380691e-01
7.900000000000000355e+00 -1.796089091966851792e-01 -2.466744983805885250e-01
7.950000000000000178e+00 -1.879762609759496605e-01 -2.354581042636137711e-01
8.000000000000000000e+00 -1.950181469813718760e-01 -2.234454855043290500e-01
8.050000000000000711e+00 -2.006961369770754733e-01 -2.106635605114912380e-01
8.099999999999999645e+00 -2.049804805732138302e-01 -1.971457772760711602e-01
8.150000000000000355e+00 -2.078505966169292563e-01 -1.829321557715490043e-01
8.199999999999999289e+00 -2.092955031131475130e-01 -1.680692141955535124e-01
8.250000000000000000e+00 -2.093141721308152958e-01 -1.526097737566227963e-01
8.300000000000000711e+00 -2.079157942875575205e-01 -1.366126403793955502e-01
8.349999999999999645e+00 -2.051199381929077470e-01 -1.201421654894375690e-01
8.400000000000000355e+00 -2.009565916646830208e-01 -1.032676918038782504e-01
8.449999999999999289e+00 -1.954660735852030706e-01 -8.606289365553476678e-02
8.500000000000000000e+00 -1.886988078780941491e-01 -6.860502468190751713e-02
8.550000000000000711e+00 -1.807149541824064898e-01 -5.097408859396908298e-02
8.599999999999999645e+00 -1.715838932775015646e-01 -3.325195109669168425e-02
8.650000000000000355e+00 -1.613835690510429244e-01 -1.552141277856997070e-02
8.699999999999999289e+00 -1.501996926720726433e-01 2.134736140684451861e-03
8.750000000000000000e+00 -1.381248184925524536e-01 1.963465795163417058e-02
8.800000000000000711e+00 -1.252573049127080895e-01 3.689838558570519844e-02
8.849999999999999645e+00 -1.117001768702156200e-01 5.384869688316304415e-02
8.900000000000000355e+00 -9.755990962187589821e-02 7.041192684377317601e-02
8.949999999999999289e+00 -8.294515596410230451e-02 8.651870197924256545e-02
9.000000000000000000e+00 -6.796544088912971626e-02 1.021045836432685899e-01
9.050000000000000711e+00 -5.272984882385580580e-02 1.171106103430165496e-01
9.099999999999999645e+00 -3.734572899957738779e-02 1.314837324099924487e-01
9.150000000000000355e+00 -2.191744413325406871e-02 1.451771358952898272e-01
9.199999999999999289e+00 -6.545186472393341170e-03 1.581504560178831897e-01
9.250000000000000000e+00 8.676116597455055257e-03 1.703698838016895756e-01
9.300000000000000711e+00 2.365778769789935593e-02 1.818081725620717404e-01
9.349999999999999645e+00 3.831825875865054604e-02 1.924445535332964530e-01
9.400000000000000355e+00 5.258379142935680484e-02 2.022645720704768779e-01
9.449999999999999289e+00 6.638904944810919417e-02 2.112598574396488682e-01
9.500000000000000000e+00 7.967751790356579489e-02 2.194278401788395672e-01
9.550000000000000711e+00 9.240176847468356547e-02 2.267714313483448485e-01
9.599999999999999645e+00 1.045235737893665112e-01 2.332986776939933171e-01
9.650000000000000355e+00 1.160138778697132611e-01 2.390224058532300633e-01
9.699999999999999289e+00 1.268526330960705051e-01 2.439598672960648362e-01
9.750000000000000000e+00 1.370285171087885223e-01 2.481323937893023246e-01
9.800000000000000711e+00 1.465385454790481268e-01 2.515650709004230712e-01
9.849999999999999645e+00 1.553875977452896795e-01 2.542864345293354145e-01
9.900000000000000355e+00 1.635878754822523151e-01 2.563281927946172156e-01
9.949999999999999289e+00 1.711583114258259097e-01 2.577249729333789263e-01
1.000000000000000000e+01 1.781239483272024360e-01 2.585140903277830526e-01
