0.000000000000000000e+00 -5.252976093494318699e-05 5.045032780767816577e-04
5.000000000000000278e-02 -1.514799237449831386e-04 1.084900125549843062e-03
1.000000000000000056e-01 -2.921099567255487509e-04 1.840948883262191488e-03
1.500000000000000222e-01 -4.650939565607650869e-04 2.870098025228330890e-03
2.000000000000000111e-01 -6.567418161959800169e-04 4.266145012602136181e-03
2.500000000000000000e-01 -8.493105175474176130e-04 6.117964277422161673e-03
3.000000000000000444e-01 -1.021396271216826277e-03 8.508325513659304937e-03
3.500000000000000333e-01 -1.148389628298607246e-03 1.151282910728702522e-02
4.000000000000000222e-01 -1.202987775422235950e-03 1.519896374561345749e-02
4.500000000000000111e-01 -1.155739360968349857e-03 1.962531036492592973e-02
5.000000000000000000e-01 -9.756086732470192107e-04 2.484089712778901962e-02
5.500000000000000444e-01 -6.305480689721582608e-04 3.088471694287904523e-02
6.000000000000000888e-01 -8.803684257287504550e-05 3.778538973772278819e-02
6.500000000000000222e-01 6.843930680239975048e-04 4.556099316522828346e-02
7.000000000000000666e-01 1.718681219986231169e-03 5.421903950947486173e-02
7.500000000000000000e-01 3.045816195977499221e-03 6.375659232170104163e-02
8.000000000000000444e-01 4.695477944944318090e-03 7.416051120385333539e-02
8.500000000000000888e-01 6.695748792662258378e-03 8.540780971603645355e-02
9.000000000000000222e-01 9.072896249642517161e-03 9.746611038682037598e-02
9.500000000000000666e-01 1.185122535843771523e-02 1.102941790714843523e-01
1.000000000000000000e+00 1.505299944158120136e-02 1.238425226446089877e-01
1.050000000000000044e+00 1.869841962759419968e-02 1.380540315672617591e-01
1.100000000000000089e+00 2.280565540975518918e-02 1.528646523508906674e-01
1.150000000000000133e+00 2.739091454157328506e-02 1.682040751597264350e-01
1.200000000000000178e+00 3.246853943731398129e-02 1.839964242045316056e-01
1.250000000000000000e+00 3.805111632439687336e-02 2.001609408538460311e-01
1.300000000000000044e+00 4.414958310518798945e-02 2.166126519235226089e-01
1.350000000000000089e+00 5.077332229927594004e-02 2.332630183264799151e-01
1.400000000000000133e+00 5.793022641159806252e-02 2.500205617286569426e-01
1.450000000000000178e+00 6.562672472361277820e-02 2.667914694566224654e-01
1.500000000000000000e+00 7.386776264196573405e-02 2.834801800240952518e-01
1.550000000000000044e+00 8.265672729796288976e-02 2.999899534555573455e-01
1.600000000000000089e+00 9.199531606427852060e-02 3.162234319777872948e-01
1.650000000000000133e+00 1.018833477179406088e-01 3.320831974901315986e-01
1.700000000000000178e+00 1.123185192273724181e-01 3.474723325343943570e-01
1.750000000000000000e+00 1.232961142998836440e-01 3.622949912403714556e-01
1.800000000000000044e+00 1.348086735396821501e-01 3.764569870571575771e-01
1.850000000000000089e+00 1.468456340519063985e-01 3.898663960177726762e-01
1.900000000000000133e+00 1.593929602790887246e-01 4.024341894550563237e-01
1.950000000000000178e+00 1.724327738929771758e-01 4.140748854597500195e-01
2.000000000000000000e+00 1.859430034071085092e-01 4.247072228993495902e-01
2.050000000000000266e+00 1.998970699007216190e-01 4.342548525869184273e-01
2.100000000000000089e+00 2.142636257719774950e-01 4.426470387693547393e-01
2.149999999999999911e+00 2.290063625294492533e-01 4.498193617020569413e-01
2.200000000000000178e+00 2.440839019743497318e-01 4.557144098432905355e-01
2.250000000000000000e+00 2.594497830065203292e-01 4.602824483511432363e-01
2.300000000000000266e+00 2.750525534976958064e-01 4.634820491243102358e-01
2.350000000000000089e+00 2.908359735616701802e-01 4.652806666848224859e-01
2.400000000000000355e+00 3.067393330598384704e-01 4.656551438642803631e-01
2.450000000000000178e+00 3.226978825684719832e-01 4.645921315401005391e-01
2.500000000000000000e+00 3.386433733005970170e-01 4.620884075362258203e-01
2.550000000000000266e+00 3.545046979003815268e-01 4.581510813493896439e-01
2.600000000000000089e+00 3.702086206407630975e-01 4.527976734601927289e-01
2.650000000000000355e+00 3.856805825342584648e-01 4.460560606162833897e-01
2.700000000000000178e+00 4.008455643110363509e-01 4.379642814687045305e-01
2.750000000000000000e+00 4.156289881799670183e-01 4.285702005351234578e-01
2.800000000000000266e+00 4.299576380109488283e-01 4.179310317227070692e-01
2.850000000000000089e+00 4.437605767885676178e-01 4.061127266892445298e-01
2.900000000000000355e+00 4.569700402704205966e-01 3.931892367252677323e-01
2.950000000000000178e+00 4.695222865024575865e-01 3.792416604342999098e-01
3.000000000000000000e+00 4.813583820543713143e-01 3.643572926123354594e-01
3.050000000000000266e+00 4.924249082256411114e-01 3.486285923052782620e-01
3.100000000000000089e+00 5.026745725766469386e-01 3.321520904602486279e-01
3.150000000000000355e+00 5.120667142981634168e-01 3.150272590189882593e-01
3.200000000000000178e+00 5.205676951862902024e-01 2.973553642560477495e-01
3.250000000000000000e+00 5.281511714101058130e-01 2.792383273677281341e-01
3.300000000000000266e+00 5.347982448186722193e-01 2.607776147963338231e-01
3.350000000000000089e+00 5.404974959429580394e-01 2.420731795928271202e-01
3.400000000000000355e+00 5.452449041041576017e-01 2.232224732419033353e-01
3.450000000000000178e+00 5.490436629637998056e-01 2.043195449475463110e-01
3.500000000000000000e+00 5.519039023420118095e-01 1.854542424349276686e-01
3.550000000000000266e+00 5.538423291379096502e-01 1.667115250111328439e-01
3.600000000000000089e+00 5.548818016008277842e-01 1.481708960580915280e-01
3.650000000000000355e+00 5.550508520236437926e-01 1.299059584045877125e-01
3.700000000000000178e+00 5.543831731152607523e-01 1.119840923745078765e-01
3.750000000000000000e+00 5.529170829134881782e-01 9.446625270300225419e-02
3.800000000000000266e+00 5.506949820938747964e-01 7.740687726499805021e-02
3.850000000000000089e+00 5.477628160550546133e-01 6.085389764915517807e-02
3.900000000000000355e+00 5.441695522232395943e-01 4.484883920238828814e-02
3.950000000000000178e+00 5.399666807714692540e-01 2.942699632357890366e-02
4.000000000000000000e+00 5.352077444714695709e-01 1.461766755853720692e-02
4.049999999999999822e+00 5.299479008109423406e-01 4.444344789905154986e-04
4.100000000000000533e+00 5.242435169736924250e-01 -1.307453158697935956e-02
4.150000000000000355e+00 5.181517958296715243e-01 -2.592615018396091792e-02
4.200000000000000178e+00 5.117304289513524562e-01 -3.810211360908516420e-02
4.250000000000000000e+00 5.050372708188906046e-01 -4.959858211123395477e-02
4.299999999999999822e+00 4.981300270399336427e-01 -6.041590219780973436e-02
4.350000000000000533e+00 4.910659484849773659e-01 -7.055835525494555394e-02
4.400000000000000355e+00 4.839015229301534826e-01 -8.003394090551675666e-02
4.450000000000000178e+00 4.766921560149942061e-01 -8.885419657936580173e-02
4.500000000000000000e+00 4.694918340546513913e-01 -9.703405205713667991e-02
4.549999999999999822e+00 4.623527625902122962e-01 -1.045917149477991193e-01
4.600000000000000533e+00 4.553249762620772967e-01 -1.115485807642894317e-01
4.650000000000000355e+00 4.484559177500123672e-01 -1.179291592298423036e-01
4.700000000000000178e+00 4.417899859347914626e-01 -1.237610069211531605e-01
4.750000000000000000e+00 4.353680560549146317e-01 -1.290746553682472486e-01
4.800000000000000711e+00 4.292269772976982645e-01 -1.339035233098194722e-01
4.850000000000000533e+00 4.233990558805391102e-01 -1.382838019842861366e-01
4.900000000000000355e+00 4.179115341023846297e-01 -1.422543030954467880e-01
4.950000000000000178e+00 4.127860779935843549e-01 -1.458562604074465918e-01
5.000000000000000000e+00 4.080382879458647749e-01 -1.491330777379888672e-01
5.050000000000000711e+00 4.036772477413618221e-01 -1.521300182934009204e-01
5.100000000000000533e+00 3.997051286047388907e-01 -1.548938329657183477e-01
5.150000000000000355e+00 3.961168642281229224e-01 -1.574723277819302381e-01
5.200000000000000178e+00 3.928999126961405519e-01 -1.599138736962987251e-01
5.250000000000000000e+00 3.900341197823080086e-01 -1.622668646633654843e-01
5.300000000000000711e+00 3.874916962867216985e-01 -1.645791326208995986e-01
5.350000000000000533e+00 3.852373196627102980e-01 -1.668973303980377243e-01
5.400000000000000355e+00 3.832283673248407796e-01 -1.692662956213661085e-01
5.450000000000000178e+00 3.814152856727875407e-01 -1.717284102276926960e-01
5.500000000000000000e+00 3.797420953309359470e-01 -1.743229712838474110e-01
5.550000000000000711e+00 3.781470294036892721e-01 -1.770855890028084079e-01
5.600000000000000533e+00 3.765632976029517076e-01 -1.800476282727969946e-01
5.650000000000000355e+00 3.749199656507316569e-01 -1.832357085208216885e-01
5.700000000000000178e+00 3.731429357727159002e-01 -1.866712759285600876e-01
5.750000000000000000e+00 3.711560111318769617e-01 -1.903702598793241274e-01
5.800000000000000711e+00 3.688820243069859672e-01 -1.943428232242098430e-01
5.850000000000000533e+00 3.662440083157050830e-01 -1.985932198378648761e-01
5.900000000000000355e+00 3.631663850415963180e-01 -2.031197294602268000e-01
5.950000000000000178e+00 3.595761514699947758e-01 -2.079147393343334649e-01
6.000000000000000000e+00 3.554040347741246886e-01 -2.129649001233882288e-01
6.050000000000000711e+00 3.505855957737520345e-01 -2.182513860147654028e-01
6.100000000000000533e+00 3.450622582731749377e-01 -2.237502432368361494e-01
6.150000000000000355e+00 3.387822444987335091e-01 -2.294328158884927915e-01
6.200000000000000178e+00 3.317013993388636672e-01 -2.352662357946073424e-01
6.250000000000000000e+00 3.237838892612335262e-01 -2.412139614875530025e-01
6.300000000000000711e+00 3.150027651419160524e-01 -2.472363503201380208e-01
6.350000000000000533e+00 3.053403818659667923e-01 -2.532912472519717739e-01
6.400000000000000355e+00 2.947886713718265161e-01 -2.593345739890262069e-01
6.450000000000000178e+00 2.833492694586258187e-01 -2.653209029280374498e-01
6.500000000000000000e+00 2.710335002675866578e-01 -2.712040017042018358e-01
6.550000000000000711e+00 2.578622256313432559e-01 -2.769373359783863231e-01
6.600000000000000533e+00 2.438655693686553605e-01 -2.824745204156384748e-01
6.650000000000000355e+00 2.290825290350796128e-01 -2.877697104263499117e-01
6.700000000000000178e+00 2.135604895124431357e-01 -2.927779301287182778e-01
6.750000000000000000e+00 1.973546541021992395e-01 -2.974553349770822086e-01
6.800000000000000711e+00 1.805274094766373405e-01 -3.017594104546605926e-01
6.850000000000000533e+00 1.631476408756142304e-01 -3.056491111055197885e-01
6.900000000000000355e+00 1.452900134406307775e-01 -3.090849467264561445e-01
6.950000000000000178e+00 1.270342344847066873e-01 -3.120290248197744032e-01
7.000000000000000000e+00 1.084643059915458840e-01 -3.144450609635447980e-01
7.050000000000000711e+00 8.966779857627446559e-02 -3.162983657163590534e-01
7.100000000000000533e+00 7.073511667935182545e-02 -3.175558267259299128e-01
7.150000000000000355e+00 5.175880096793572527e-02 -3.181858942585757410e-01
7.200000000000000178e+00 3.283285292781262799e-02 -3.181585841615240384e-01
7.250000000000000000e+00 1.405208762516463143e-02 -3.174455093855161336e-01
7.300000000000000711e+00 -4.488485464624230974e-03 -3.160199496779035333e-01
7.350000000000000533e+00 -2.269425556960900578e-02 -3.138569667430597954e-01
7.400000000000000355e+00 -4.047158116377717885e-02 -3.109335702158899650e-01
7.450000000000000178e+00 -5.772834265371581952e-02 -3.072289362911758692e-01
7.500000000000000000e+00 -7.437448250399615601e-02 -3.027246784550228220e-01
7.550000000000000711e+00 -9.032253828291948727e-02 -2.974051665509453990e-01
7.600000000000000533e+00 -1.054881736939378423e-01 -2.912578874784810812e-01
7.650000000000000355e+00 -1.197907122392022211e-01 -2.842738386282426810e-01
7.700000000000000178e+00 -1.331536761341899355e-01 -2.764479415009313268e-01
7.750000000000000000e+00 -1.455053319987835436e-01 -2.677794627087889956e-01
7.800000000000000711e+00 -1.567792433607293201e-01 -2.582724269455613508e-01
7.850000000000000533e+00 -1.669148267813917452e-01 -2.479360058760757823e-01
7.900000000000000355e+00 -1.758579072204088933e-01 -2.367848668493257591e-01
7.950000000000000178e+00 -1.835612656421009015e-01 -2.248394655790789676e-01
8.000000000000000000e+00 -1.899851699167054431e-01 -2.121262679476249302e-01
8.050000000000000711e+00 -1.950978782880651297e-01 -1.986778877124513731e-01
8.099999999999999645e+00 -1.988761032225158099e-01 -1.845331290259768775e-01
8.150000000000000355e+00 -2.013054224235819034e-01 -1.697369252926884398e-01
8.200000000000001066e+00 -2.023806269375951761e-01 -1.543401766787837470e-01
8.250000000000000000e+00 -2.021059731540576498e-01 -1.383994444663237122e-01
8.300000000000000711e+00 -2.004953669131113725e-01 -1.219765831829573155e-01
8.349999999999999645e+00 -1.975724238640306218e-01 -1.051382345603648211e-01
8.400000000000000355e+00 -1.933704189916622407e-01 -8.795523154066550719e-02
8.450000000000001066e+00 -1.879321123493436774e-01 -7.050191502717756409e-02
8.500000000000000000e+00 -1.813094455798014148e-01 -5.285537687944780183e-02
8.550000000000000711e+00 -1.735631062454626727e-01 -3.509464224622112216e-02
8.599999999999999645e+00 -1.647619638013867738e-01 -1.729982211964031444e-02
8.650000000000000355e+00 -1.549823753428646866e-01 4.487720706321916158e-04
8.700000000000001066e+00 -1.443073752292881040e-01 1.807150589766017001e-02
8.750000000000000000e+00 -1.328257562992921637e-01 3.549028574684692100e-02
8.800000000000000711e+00 -1.206310575182545364e-01 5.262938807619587517e-02
8.849999999999999645e+00 -1.078204749705605342e-01 6.941623718013160971e-02
8.900000000000000355e+00 -9.449371542754730902e-02 8.578211642034855311e-02
8.950000000000001066e+00 -8.075181351568191945e-02 1.016628001646373847e-01
9.000000000000000000e+00 -6.669593467745586757e-02 1.169990964391147137e-01
9.050000000000000711e+00 -5.242618668590218189e-02 1.317372931458248297e-01
9.099999999999999645e+00 -3.804046230474350532e-02 1.458295038532992915e-01
9.150000000000000355e+00 -2.363333491572515779e-02 1.592339122907795168e-01
9.200000000000001066e+00 -9.295027298905703117e-03 1.719149175056611800e-01
9.250000000000000000e+00 4.889527865891520227e-03 1.838431847703677346e-01
9.300000000000000711e+00 1.884152022191939654e-02 1.949956091690326354e-01
9.349999999999999645e+00 3.248897408346367033e-02 2.053552017153326970e-01
9.400000000000000355e+00 4.576733141561560581e-02 2.149109087324473644e-01
9.450000000000001066e+00 5.861989964821044674e-02 2.236573765699382821e-01
9.500000000000000000e+00 7.099816217991822276e-02 2.315946741935856756e-01
9.550000000000000711e+00 8.286195293595714773e-02 2.387279862611243197e-01
9.600000000000001421e+00 9.417950026609180070e-02 2.450672891832353373e-01
9.650000000000000355e+00 1.049273461657094370e-01 2.506270180231501277e-01
9.700000000000001066e+00 1.150901545500203765e-01 2.554257385824232340e-01
9.750000000000000000e+00 1.246604202625356955e-01 2.594858294960654677e-01
9.800000000000000711e+00 1.336380929758429759e-01 2.628331781114376930e-01
9.850000000000001421e+00 1.420301307383070588e-01 2.654968973520859254e-01
9.900000000000000355e+00 1.498500040471487105e-01 2.675090587374263640e-01
9.950000000000001066e+00 1.571171611699076764e-01 2.689044470438850531e-01
1.000000000000000000e+01 1.631809172921487028e-01 2.649814866575937455e-01
