0.000000000000000000e+00 9.993691710288267194e-01 -1.592877861267030218e-04
5.000000000000000278e-02 9.972059431833629750e-01 2.470393605050220584e-02
1.000000000000000056e-01 9.932090239538752252e-01 4.956445081201533293e-02
1.500000000000000222e-01 9.873968097072335359e-01 7.439449702617542681e-02
2.000000000000000111e-01 9.797947577462225999e-01 9.916656308589717750e-02
2.500000000000000000e-01 9.704351866810585481e-01 1.238535509663672568e-01
3.000000000000000444e-01 9.593570248657844468e-01 1.484289223316392070e-01
3.500000000000000333e-01 9.466055103763274525e-01 1.728668204656637064e-01
4.000000000000000222e-01 9.322318484286322704e-01 1.971421642645445338e-01
4.500000000000000111e-01 9.162928313898967003e-01 2.212307117793771982e-01
5.000000000000000000e-01 8.988504258568857930e-01 2.451090903897111539e-01
5.500000000000000444e-01 8.799713388112420098e-01 2.687547983350427883e-01
6.000000000000000888e-01 8.597265590664610047e-01 2.921461709771290272e-01
6.500000000000000222e-01 8.381908963822385372e-01 3.152623134511818859e-01
7.000000000000000666e-01 8.154425001716387733e-01 3.380830188026959782e-01
7.500000000000000000e-01 7.915623819502909386e-01 3.605886497355700882e-01
8.000000000000000444e-01 7.666339432906359441e-01 3.827600056552660224e-01
8.500000000000000888e-01 7.407425090685738622e-01 4.045781750774335994e-01
9.000000000000000222e-01 7.139748677653100506e-01 4.260243772670410656e-01
9.500000000000000666e-01 6.864188340084504958e-01 4.470798041431289227e-01
1.000000000000000000e+00 6.581628154200164227e-01 4.677254609980339706e-01
1.050000000000000044e+00 6.292953976905553137e-01 4.879420148575104310e-01
1.100000000000000089e+00 5.999049444593071989e-01 5.077096548101974749e-01
1.150000000000000133e+00 5.700792115330368670e-01 5.270079684752665417e-01
1.200000000000000178e+00 5.399049744055123279e-01 5.458158381913006396e-01
1.250000000000000000e+00 5.094676677172688128e-01 5.641113596825100274e-01
1.300000000000000044e+00 4.788510351332530557e-01 5.818717850950252402e-01
1.350000000000000089e+00 4.481367881227752981e-01 5.990734913796580408e-01
1.400000000000000133e+00 4.174042722966353480e-01 6.156919741011814828e-01
1.450000000000000178e+00 3.867301402870286786e-01 6.317018658905256823e-01
1.500000000000000000e+00 3.561880306342019575e-01 6.470769779636244001e-01
1.550000000000000044e+00 3.258482526941666735e-01 6.617903625005562285e-01
1.600000000000000089e+00 2.957774783469896973e-01 6.758143930452145121e-01
1.650000000000000133e+00 2.660384418729805356e-01 6.891208598258794504e-01
1.700000000000000178e+00 2.366896504565182691e-01 7.016810764809303658e-01
1.750000000000000000e+00 2.077851077053285145e-01 7.134659950288280150e-01
1.800000000000000044e+00 1.793740491441729867e-01 7.244463249211431366e-01
1.850000000000000089e+00 1.515007149819514176e-01 7.345926548571266590e-01
1.900000000000000133e+00 1.242041325648035044e-01 7.438755733815628490e-01
1.950000000000000178e+00 9.751793563925802155e-02 7.522657863200726824e-01
2.000000000000000000e+00 7.147021940179430766e-02 7.597342299361317108e-01
2.050000000000000266e+00 4.608343684677421170e-02 7.662521789803344863e-01
2.100000000000000089e+00 2.137434109936999990e-02 7.717913496786957817e-01
2.149999999999999911e+00 -2.646021616203919190e-03 7.763239983962934021e-01
2.200000000000000178e+00 -2.597226511103461338e-02 7.798230174546606497e-01
2.250000000000000000e+00 -4.860455885689524136e-02 7.822620298685343254e-01
2.300000000000000266e+00 -7.054846473228877646e-02 7.836154856921777601e-01
2.350000000000000089e+00 -9.181471375561860160e-02 7.838587626274409192e-01
2.400000000000000355e+00 -1.124189230905209974e-01 7.829682737846771490e-01
2.450000000000000178e+00 -1.323812551638773594e-01 7.809215857403601913e-01
2.500000000000000000e+00 -1.517260215630498732e-01 7.776975494895411734e-01
2.550000000000000266e+00 -1.704812358994938770e-01 7.732764467769894789e-01
2.600000000000000089e+00 -1.886781209013126126e-01 7.676401536923367352e-01
2.650000000000000355e+00 -2.063505760748266249e-01 7.607723227534336496e-01
2.700000000000000178e+00 -2.235346131981985895e-01 7.526585838187729305e-01
2.750000000000000000e+00 -2.402677676135802631e-01 7.432867634985703686e-01
2.800000000000000266e+00 -2.565884938997885500e-01 7.326471214752203753e-01
2.850000000000000089e+00 -2.725355547545754709e-01 7.207326013800560149e-01
2.900000000000000355e+00 -2.881474105490458015e-01 7.075390934514702579e-01
2.950000000000000178e+00 -3.034616242140365516e-01 6.930657020789211531e-01
3.000000000000000000e+00 -3.185142815490468737e-01 6.773150171732751357e-01
3.050000000000000266e+00 -3.333394402415210678e-01 6.602933807571429448e-01
3.100000000000000089e+00 -3.479686134724406243e-01 6.420111432266780715e-01
3.150000000000000355e+00 -3.624302943818674683e-01 6.224829025670588489e-01
3.200000000000000178e+00 -3.767495266669194653e-01 6.017277198328261356e-01
3.250000000000000000e+00 -3.909475254882124329e-01 5.797693042276523823e-01
3.300000000000000266e+00 -4.050413516718632256e-01 5.566361614195596275e-01
3.350000000000000089e+00 -4.190436410556502844e-01 5.323616993267501485e-01
3.400000000000000355e+00 -4.329623897062411797e-01 5.069842863353014595e-01
3.450000000000000178e+00 -4.468007946682342468e-01 4.805472578290109209e-01
3.500000000000000000e+00 -4.605571489871969071e-01 4.530988680253138501e-01
3.550000000000000266e+00 -4.742247888780338760e-01 4.246921852856564428e-01
3.600000000000000089e+00 -4.877920903075538828e-01 3.953849303773965262e-01
3.650000000000000355e+00 -5.012425117150243192e-01 3.652392584765556394e-01
3.700000000000000178e+00 -5.145546793204640590e-01 3.343214870290489027e-01
3.750000000000000000e+00 -5.277025112827732345e-01 3.027017728453689216e-01
3.800000000000000266e+00 -5.406553770249841184e-01 2.704537429756641576e-01
3.850000000000000089e+00 -5.533782882051758722e-01 2.376540849736452077e-01
3.900000000000000355e+00 -5.658321181312793158e-01 2.043821030167619901e-01
3.950000000000000178e+00 -5.779738468076380808e-01 1.707192470270244289e-01
4.000000000000000000e+00 -5.897568293106679738e-01 1.367486224276271978e-01
4.049999999999999822e+00 -6.011310856900592414e-01 1.025544883817755687e-01
4.100000000000000533e+00 -6.120436111394098599e-01 6.822175239155005289e-02
4.150000000000000355e+00 -6.224387056537078466e-01 3.383546888678501396e-02
4.200000000000000178e+00 -6.322583228308632508e-01 -5.196509952442538447e-04
4.250000000000000000e+00 -6.414424378396222926e-01 -3.475971183229158851e-02
4.299999999999999822e+00 -6.499294347391055826e-01 -6.880208281848268492e-02
4.350000000000000533e+00 -6.576565134598657547e-01 -1.025658182859309903e-01
4.400000000000000355e+00 -6.645601167144468135e-01 -1.359720460158371780e-01
4.450000000000000178e+00 -6.705763767895185357e-01 -1.689443206712289425e-01
4.500000000000000000e+00 -6.756415819147332247e-01 -2.014089406891453327e-01
4.549999999999999822e+00 -6.796926613149737451e-01 -2.332952281125046101e-01
4.600000000000000533e+00 -6.826676874186392574e-01 -2.645357718229595645e-01
4.650000000000000355e+00 -6.845063930189043688e-01 -2.950666354985708728e-01
4.700000000000000178e+00 -6.851507002901817689e-01 -3.248275324582237666e-01
4.750000000000000000e+00 -6.845452577783522896e-01 -3.537619701080162438e-01
4.800000000000000711e+00 -6.826379806365386882e-01 -3.818173671110631773e-01
4.850000000000000533e+00 -6.793805885423512825e-01 -4.089451467048007549e-01
4.900000000000000355e+00 -6.747291350469614146e-01 -4.351008095653063901e-01
4.950000000000000178e+00 -6.686445214799618952e-01 -4.602439895094898592e-01
5.000000000000000000e+00 -6.610929880664601077e-01 -4.843384950367992658e-01
5.050000000000000711e+00 -6.520465746829516851e-01 -5.073523391174018515e-01
5.100000000000000533e+00 -6.414835435182243417e-01 -5.292577593575916728e-01
5.150000000000000355e+00 -6.293887560934017245e-01 -5.500312296002767276e-01
5.200000000000000178e+00 -6.157539974661946358e-01 -5.696534635687505732e-01
5.250000000000000000e+00 -6.005782409867488347e-01 -5.881094103630992720e-01
5.300000000000000711e+00 -5.838678478083210166e-01 -6.053882408274086080e-01
5.350000000000000533e+00 -5.656366963375102364e-01 -6.214833232233090143e-01
5.400000000000000355e+00 -5.459062379523500486e-01 -6.363921860465667768e-01
5.450000000000000178e+00 -5.247054766775199885e-01 -6.501164653812021577e-01
5.500000000000000000e+00 -5.020708718767411538e-01 -6.626618339348233633e-01
5.550000000000000711e+00 -4.780461644668373977e-01 -6.740379086968106837e-01
5.600000000000000533e+00 -4.526821287472279076e-01 -6.842581343740455901e-01
5.650000000000000355e+00 -4.260362532601606467e-01 -6.933396398314928266e-01
5.700000000000000178e+00 -3.981723555448413165e-01 -7.013030653086510524e-01
5.750000000000000000e+00 -3.691601369487348405e-01 -7.081723586958228456e-01
5.800000000000000711e+00 -3.390746846422730831e-01 -7.139745399230671419e-01
5.850000000000000533e+00 -3.079959258478737194e-01 -7.187394010350742768e-01
5.900000000000000355e+00 -2.760080596835260414e-01 -7.224993058244278954e-01
5.950000000000000178e+00 -2.431989419550882325e-01 -7.252887631405385838e-01
6.000000000000000000e+00 -2.096594659001468075e-01 -7.271441046685057641e-01
6.050000000000000711e+00 -1.754829324051078443e-01 -7.281031074380166501e-01
6.100000000000000533e+00 -1.407644214309650976e-01 -7.282045980576831168e-01
6.150000000000000355e+00 -1.056001733326305536e-01 -7.274880441649366203e-01
6.200000000000000178e+00 -7.008698792350601114e-02 -7.259931391434747416e-01
6.250000000000000000e+00 -3.432164818746181317e-02 -7.237593866130487275e-01
6.300000000000000711e+00 1.599625514214909287e-03 -7.208256914949786598e-01
6.350000000000000533e+00 3.758168603781909811e-02 -7.172299645001614099e-01
6.400000000000000355e+00 7.353093135885911680e-02 -7.130087467476544649e-01
6.450000000000000178e+00 1.093557355224001604e-01 -7.081968608798442366e-01
6.500000000000000000e+00 1.449668375426659828e-01 -7.028270944494140471e-01
6.550000000000000711e+00 1.802776883006400876e-01 -6.969299206504273592e-01
6.600000000000000533e+00 2.152047564568071447e-01 -6.905332605330986029e-01
6.650000000000000355e+00 2.496677952757262453e-01 -6.836622898332480602e-01
6.700000000000000178e+00 2.835900729373631579e-01 -6.763392924291650177e-01
6.750000000000000000e+00 3.168985694098577777e-01 -6.685835612696583441e-01
6.800000000000000711e+00 3.495241432523569780e-01 -6.604113464423194690e-01
6.850000000000000533e+00 3.814016718494881997e-01 -6.518358489257130017e-01
6.900000000000000355e+00 4.124701684345951636e-01 -6.428672574811401530e-01
6.950000000000000178e+00 4.426728790507237776e-01 -6.335128252224446754e-01
7.000000000000000000e+00 4.719573326778286892e-01 -6.237770137134861503e-01
7.050000000000000711e+00 5.002754861528831976e-01 -6.136615510012076724e-01
7.100000000000000533e+00 5.275837055088489214e-01 -6.031656699409463362e-01
7.150000000000000355e+00 5.538428217038202650e-01 -5.922862768056557092e-01
7.200000000000000178e+00 5.790181557385561950e-01 -5.810181526095418159e-01
7.250000000000000000e+00 6.030795302513712874e-01 -5.693541632483803960e-01
7.300000000000000711e+00 6.260012666442523743e-01 -5.572854734213564809e-01
7.350000000000000533e+00 6.477621659947331301e-01 -5.448017599274688205e-01
7.400000000000000355e+00 6.683454716785741656e-01 -5.318914206692800795e-01
7.450000000000000178e+00 6.877388113073054088e-01 -5.185417765339732643e-01
7.500000000000000000e+00 7.059341155484879504e-01 -5.047392642324394219e-01
7.550000000000000711e+00 7.229275114758091370e-01 -4.904696191319813936e-01
7.600000000000000533e+00 7.387191883035231221e-01 -4.757180480563629743e-01
7.650000000000000355e+00 7.533132342543157334e-01 -4.604693929562188037e-01
7.700000000000000178e+00 7.667174426325584768e-01 -4.447082871919488811e-01
7.750000000000000000e+00 7.789430879471146429e-01 -4.284193066316476783e-01
7.800000000000000711e+00 7.900046718472171214e-01 -4.115871187444952728e-01
7.850000000000000533e+00 7.999196406387142355e-01 -3.941966328008876808e-01
7.900000000000000355e+00 8.087080767453874719e-01 -3.762331546891065082e-01
7.950000000000000178e+00 8.163923675045133832e-01 -3.576825497553581812e-01
8.000000000000000000e+00 8.229968555506161909e-01 -3.385314168288004466e-01
8.050000000000000711e+00 8.285474758646460547e-01 -3.187672761591738846e-01
8.099999999999999645e+00 8.330713852492810378e-01 -2.983787733699158617e-01
8.150000000000000355e+00 8.365965905081382825e-01 -2.773559007573941360e-01
8.200000000000001066e+00 8.391515822008498438e-01 -2.556902373880998169e-01
8.250000000000000000e+00 8.407649796302436584e-01 -2.333752035555419768e-01
8.300000000000000711e+00 8.414651958932702902e-01 -2.104063337587825655e-01
8.349999999999999645e+00 8.412801273136584213e-01 -1.867815616177361804e-01
8.400000000000000355e+00 8.402368740493247889e-01 -1.625015142739607288e-01
8.450000000000001066e+00 8.383614968497817843e-01 -1.375698116320243913e-01
8.500000000000000000e+00 8.356788141897971700e-01 -1.119933651139844860e-01
8.550000000000000711e+00 8.322122429823068934e-01 -8.578266990061093888e-02
8.599999999999999645e+00 8.279836845840528037e-01 -5.895208445454906687e-02
8.650000000000000355e+00 8.230134574006159331e-01 -3.152009006960723725e-02
8.700000000000001066e+00 8.173202750664925187e-01 -3.509524308858906743e-03
8.750000000000000000e+00 8.109212685276522281e-01 2.505221849009356752e-02
8.800000000000000711e+00 8.038320490805270779e-01 5.413302577350562195e-02
8.849999999999999645e+00 7.960668081338490021e-01 8.369594983113375075e-02
8.900000000000000355e+00 7.876384486736892621e-01 1.136991400733326080e-01
8.950000000000001066e+00 7.785587425088669189e-01 1.440958282308793803e-01
9.000000000000000000e+00 7.688385068165614067e-01 1.748343690485841262e-01
9.050000000000000711e+00 7.584877932144663548e-01 2.058583379196549934e-01
9.099999999999999645e+00 7.475160823256310483e-01 2.371066856272964485e-01
9.150000000000000355e+00 7.359324772020614525e-01 2.685139489847870875e-01
9.200000000000001066e+00 7.237458890160821667e-01 3.000105152033573086e-01
9.250000000000000000e+00 7.109652090931984914e-01 3.315229364944293211e-01
9.300000000000000711e+00 6.975994624615128314e-01 3.629742904223710598e-01
9.349999999999999645e+00 6.836579385042034218e-01 3.942845807845624106e-01
9.400000000000000355e+00 6.691502959037107789e-01 4.253711728397778780e-01
9.450000000000001066e+00 6.540866397780064068e-01 4.561492567433010348e-01
9.500000000000000000e+00 6.384775703693195137e-01 4.865323321068241724e-01
9.550000000000000711e+00 6.223342040448825996e-01 5.164327070667891206e-01
9.600000000000001421e+00 6.056681679915717487e-01 5.457620051926858062e-01
9.650000000000000355e+00 5.884915716696407229e-01 5.744316739896514479e-01
9.700000000000001066e+00 5.708169580745396932e-01 6.023534891570507810e-01
9.750000000000000000e+00 5.526572400703390064e-01 6.294400496158425451e-01
9.800000000000000711e+00 5.340256261285905026e-01 6.556052590209816566e-01
9.850000000000001421e+00 5.149355418819011598e-01 6.807647902166149567e-01
9.900000000000000355e+00 4.954005504461519438e-01 7.048365308655800687e-01
9.950000000000001066e+00 4.754342797064337045e-01 7.277410073733361351e-01
1.000000000000000000e+01 4.568442592316079298e-01 7.393664553076055856e-01
