0.000000000000000000e+00 -5.337513480528327525e-01
5.000000000000000000e-01 -4.124689742527757885e-01
1.000000000000000000e+00 -3.271679996691100323e-01
1.500000000000000000e+00 -2.650336768436998280e-01
2.000000000000000000e+00 -2.183463640131641514e-01
2.500000000000000000e+00 -1.823158030793390061e-01
3.000000000000000000e+00 -1.538798045420720628e-01
3.500000000000000000e+00 -1.310159943943099703e-01
4.000000000000000000e+00 -1.123363531359220374e-01
4.500000000000000000e+00 -9.687906343330640602e-02
5.000000000000000000e+00 -8.396341702343920743e-02
5.500000000000000000e+00 -7.307070156001006789e-02
6.000000000000000000e+00 -6.381522029789409023e-02
6.500000000000000000e+00 -5.590089511901312480e-02
7.000000000000000000e+00 -4.910152134059998091e-02
7.500000000000000000e+00 -4.322749406055524657e-02
8.000000000000000000e+00 -3.813596463771418144e-02
8.500000000000000000e+00 -3.370380384745193941e-02
9.000000000000000000e+00 -2.983473350683449321e-02
9.500000000000000000e+00 -2.644856131684061862e-02
1.000000000000000000e+01 -2.347687002827290523e-02
1.050000000000000000e+01 -2.086190027653144624e-02
1.100000000000000000e+01 -1.855648139608370370e-02
1.150000000000000000e+01 -1.652020513731373985e-02
1.200000000000000000e+01 -1.472018370846054150e-02
1.250000000000000000e+01 -1.312549375562819566e-02
1.300000000000000000e+01 -1.171459751903210049e-02
1.350000000000000000e+01 -1.046258443911421421e-02
1.400000000000000000e+01 -9.349982343214158220e-03
1.450000000000000000e+01 -8.359027676491386991e-03
1.500000000000000000e+01 -7.475833245539736417e-03
1.550000000000000000e+01 -6.689951910847359746e-03
1.600000000000000000e+01 -5.989216053943435987e-03
1.650000000000000000e+01 -5.364799457764279564e-03
1.700000000000000000e+01 -4.808577670512752603e-03
1.750000000000000000e+01 -4.310677381209865495e-03
1.800000000000000000e+01 -3.864218310533767530e-03
1.850000000000000000e+01 -3.463712513593466234e-03
1.900000000000000000e+01 -3.106894718493427750e-03
1.950000000000000000e+01 -2.788416633476741274e-03
2.000000000000000000e+01 -2.504201114546797131e-03
2.050000000000000000e+01 -2.250062913064874298e-03
2.100000000000000000e+01 -2.020908108733546118e-03
2.150000000000000000e+01 -1.814991214893406628e-03
2.200000000000000000e+01 -1.630536136789292054e-03
2.250000000000000000e+01 -1.464366563822708505e-03
2.300000000000000000e+01 -1.315631072405126865e-03
2.350000000000000000e+01 -1.182832104702388233e-03
2.400000000000000000e+01 -1.063955369312136537e-03
2.450000000000000000e+01 -9.591344489445165948e-04
2.500000000000000000e+01 -8.646450766876617950e-04
2.550000000000000000e+01 -7.798186484942998655e-04
2.600000000000000000e+01 -7.019954657068688646e-04
2.650000000000000000e+01 -6.332197707764983686e-04
2.700000000000000000e+01 -5.709706490662475433e-04
2.750000000000000000e+01 -5.149166598475217026e-04
2.800000000000000000e+01 -4.609828309462361612e-04
2.850000000000000000e+01 -4.160439267341411963e-04
2.900000000000000000e+01 -3.744405356459288431e-04
2.950000000000000000e+01 -3.369122356021039908e-04
3.000000000000000000e+01 -3.026278170093311482e-04
3.050000000000000000e+01 -2.710308634794025211e-04
3.100000000000000000e+01 -2.417579317664768238e-04
3.150000000000000000e+01 -2.164863471150581329e-04
3.200000000000000000e+01 -1.953696653587330136e-04
3.250000000000000000e+01 -1.748237352103666298e-04
3.300000000000000000e+01 -1.566797613667524221e-04
3.350000000000000000e+01 -1.400048744623844717e-04
3.400000000000000000e+01 -1.252396580646485884e-04
3.450000000000000000e+01 -1.140948060830027783e-04
3.500000000000000000e+01 -1.036474019457099164e-04
3.550000000000000000e+01 -9.479098944624690518e-05
3.600000000000000000e+01 -8.773580276957608710e-05
3.650000000000000000e+01 -8.226315377622310044e-05
3.700000000000000000e+01 -7.397063704880408761e-05
3.750000000000000000e+01 -6.744704549909673861e-05
3.800000000000000000e+01 -5.975652287812896642e-05
3.850000000000000000e+01 -5.298556404721400736e-05
3.900000000000000000e+01 -4.546859659218214242e-05
3.950000000000000000e+01 -3.862409234131771287e-05
4.000000000000000000e+01 -3.553944156563139666e-05
4.050000000000000000e+01 -3.114681781044278871e-05
4.100000000000000000e+01 -2.455135646838166389e-05
4.150000000000000000e+01 -2.184341382480837871e-05
4.200000000000000000e+01 -2.093542941923930842e-05
4.250000000000000000e+01 -1.637107347450442418e-05
4.300000000000000000e+01 -1.555890845777667573e-05
4.350000000000000000e+01 -1.289749579612324771e-05
4.400000000000000000e+01 -1.329901924236006120e-05
4.450000000000000000e+01 -1.328053279751847608e-05
4.500000000000000000e+01 -1.577670149574967508e-05
4.550000000000000000e+01 -1.535732991232419042e-05
4.600000000000000000e+01 -1.535395802733950708e-05
4.650000000000000000e+01 -1.555238485733421292e-05
4.700000000000000000e+01 -1.424708694764551080e-05
4.750000000000000000e+01 -1.717267893469771878e-05
4.800000000000000000e+01 -1.589717997670223290e-05
4.850000000000000000e+01 -1.523429396823910482e-05
4.900000000000000000e+01 -1.490124622597234387e-05
4.950000000000000000e+01 -1.755302595463318702e-05
5.000000000000000000e+01 -1.833429529662235051e-05
5.050000000000000000e+01 -1.760955630954216434e-05
5.100000000000000000e+01 -1.570213993124232351e-05
5.150000000000000000e+01 -1.334691182225637227e-05
5.200000000000000000e+01 -1.269998701256729043e-05
5.250000000000000000e+01 -1.462975613066265673e-05
5.300000000000000000e+01 -1.411525896826747734e-05
5.350000000000000000e+01 -1.458357811063834099e-05
5.400000000000000000e+01 -1.338119012259110814e-05
5.450000000000000000e+01 -1.400039932684221769e-05
5.500000000000000000e+01 -1.537371544420141722e-05
5.550000000000000000e+01 -1.613753765328096779e-05
5.600000000000000000e+01 -1.631798292332715575e-05
5.650000000000000000e+01 -1.754418317581155851e-05
5.700000000000000000e+01 -1.723388483986237698e-05
5.750000000000000000e+01 -1.972482972816674084e-05
5.800000000000000000e+01 -2.126760649321070626e-05
5.850000000000000000e+01 -2.291076526147626394e-05
5.900000000000000000e+01 -2.843831924682451017e-05
5.950000000000000000e+01 -3.257146736999944921e-05
6.000000000000000000e+01 -3.425867335597325728e-05
6.050000000000000000e+01 -3.877670708793187608e-05
6.100000000000000000e+01 -3.976220682032996251e-05
6.150000000000000000e+01 -4.603837126170862713e-05
6.200000000000000000e+01 -5.292205384216465332e-05
6.250000000000000000e+01 -6.060476243706493731e-05
6.300000000000000000e+01 -6.834132233205556623e-05
6.350000000000000000e+01 -7.620018133515759208e-05
6.400000000000000000e+01 -8.244867095548195023e-05
6.450000000000000000e+01 -9.149423686219255417e-05
6.500000000000000000e+01 -1.004277072008309560e-04
6.550000000000000000e+01 -1.105537556470571306e-04
6.600000000000000000e+01 -1.230381466308012341e-04
6.650000000000000000e+01 -1.384325298060235345e-04
6.700000000000000000e+01 -1.521936242172080721e-04
6.750000000000000000e+01 -1.700586399955571508e-04
6.800000000000000000e+01 -1.896185569672050898e-04
6.850000000000000000e+01 -2.087424138262395398e-04
6.900000000000000000e+01 -2.333578988686927844e-04
6.950000000000000000e+01 -2.612633245244176694e-04
7.000000000000000000e+01 -2.907507838744926524e-04
7.050000000000000000e+01 -3.197116254547725843e-04
7.100000000000000000e+01 -3.526967343759253044e-04
7.150000000000000000e+01 -3.915330267178153585e-04
7.200000000000000000e+01 -4.329306253501411807e-04
7.250000000000000000e+01 -4.782621839181703215e-04
7.300000000000000000e+01 -5.287916034342448734e-04
7.350000000000000000e+01 -5.889623449200877747e-04
7.400000000000000000e+01 -6.525218489183074854e-04
7.450000000000000000e+01 -7.275646659569755346e-04
7.500000000000000000e+01 -8.071557650295866021e-04
7.550000000000000000e+01 -8.953246651476120871e-04
7.600000000000000000e+01 -9.934854898541712297e-04
7.650000000000000000e+01 -1.102900574191911657e-03
7.700000000000000000e+01 -1.224982110772488081e-03
7.750000000000000000e+01 -1.358738329743365168e-03
7.800000000000000000e+01 -1.508584138837353820e-03
7.850000000000000000e+01 -1.674691783388331705e-03
7.900000000000000000e+01 -1.861497963313410529e-03
7.950000000000000000e+01 -2.069177488844367932e-03
8.000000000000000000e+01 -2.301077957839980839e-03
8.050000000000000000e+01 -2.559368256573596803e-03
8.100000000000000000e+01 -2.846575447840698613e-03
8.150000000000000000e+01 -3.168019722462371394e-03
8.200000000000000000e+01 -3.526352591118548166e-03
8.250000000000000000e+01 -3.925422751655578517e-03
8.300000000000000000e+01 -4.370847601726978761e-03
8.350000000000000000e+01 -4.868773483296748826e-03
8.400000000000000000e+01 -5.427113961665665405e-03
8.450000000000000000e+01 -6.050968004888832713e-03
8.500000000000000000e+01 -6.749518353573225743e-03
8.550000000000000000e+01 -7.532114074918642814e-03
8.600000000000000000e+01 -8.408464146232997108e-03
8.650000000000000000e+01 -9.392016311015376206e-03
8.700000000000000000e+01 -1.049875018501195655e-02
8.750000000000000000e+01 -1.174238722789031249e-02
8.800000000000000000e+01 -1.314484147448703732e-02
8.850000000000000000e+01 -1.472344630191514334e-02
8.900000000000000000e+01 -1.650771509737889581e-02
8.950000000000000000e+01 -1.852514402390184611e-02
9.000000000000000000e+01 -2.080950349779086411e-02
9.050000000000000000e+01 -2.339285000114765117e-02
9.100000000000000000e+01 -2.632529175911134736e-02
9.150000000000000000e+01 -2.966560097140303470e-02
9.200000000000000000e+01 -3.347865822348324721e-02
9.250000000000000000e+01 -3.784745730188918134e-02
9.300000000000000000e+01 -4.286794163245468553e-02
9.350000000000000000e+01 -4.866309547719756962e-02
9.400000000000000000e+01 -5.538210108202457765e-02
9.450000000000000000e+01 -6.322589803913483686e-02
9.500000000000000000e+01 -7.244002994044081156e-02
9.550000000000000000e+01 -8.335057823232185081e-02
9.600000000000000000e+01 -9.638168618866047033e-02
9.650000000000000000e+01 -1.121471218005062609e-01
9.700000000000000000e+01 -1.314937409886684783e-01
9.750000000000000000e+01 -1.556479305372899802e-01
9.800000000000000000e+01 -1.864421736700559162e-01
9.850000000000000000e+01 -2.266978477838344774e-01
9.900000000000000000e+01 -2.809079481643230736e-01
9.950000000000000000e+01 -3.564992945182820505e-01
1.000000000000000000e+02 -4.662486519471672475e-01
