0.000000000000000000e+00 1.752974027819385883e-01
5.000000000000000278e-02 1.709864017009771753e-01
1.000000000000000056e-01 1.668303525400710308e-01
1.500000000000000222e-01 1.628212034587804835e-01
2.000000000000000111e-01 1.589515259244919376e-01
2.500000000000000000e-01 1.552141539889389799e-01
3.000000000000000444e-01 1.516025859959581890e-01
3.500000000000000333e-01 1.481101826271980781e-01
4.000000000000000222e-01 1.447309103280631504e-01
4.500000000000000111e-01 1.414590771368469113e-01
5.000000000000000000e-01 1.382892848976632894e-01
5.500000000000000444e-01 1.352164038154262393e-01
6.000000000000000888e-01 1.322356033007394127e-01
6.500000000000000222e-01 1.293423234159556678e-01
7.000000000000000666e-01 1.265322300006473388e-01
7.500000000000000000e-01 1.238012592909326082e-01
8.000000000000000444e-01 1.211455519207195602e-01
8.500000000000000888e-01 1.185614356685154858e-01
9.000000000000000222e-01 1.160454567248928731e-01
9.500000000000000666e-01 1.135943272002950810e-01
1.000000000000000000e+00 1.112049793171576428e-01
1.050000000000000044e+00 1.088745018877930182e-01
1.100000000000000089e+00 1.066001023705517997e-01
1.150000000000000133e+00 1.043791269944839006e-01
1.200000000000000178e+00 1.022090497162025102e-01
1.250000000000000000e+00 1.000874621775138806e-01
1.300000000000000044e+00 9.801215839491596304e-02
1.350000000000000089e+00 9.598080703389923196e-02
1.400000000000000133e+00 9.399123691360530830e-02
1.450000000000000178e+00 9.204178514526800692e-02
1.500000000000000000e+00 9.013105020094491771e-02
1.550000000000000044e+00 8.825731588190764698e-02
1.600000000000000089e+00 8.641813769029887959e-02
1.650000000000000133e+00 8.461291205466291154e-02
1.700000000000000178e+00 8.284018991805283672e-02
1.750000000000000000e+00 8.109854572046860943e-02
1.800000000000000044e+00 7.938672774235012997e-02
1.850000000000000089e+00 7.770359360714385044e-02
1.900000000000000133e+00 7.604791347454567529e-02
1.950000000000000178e+00 7.441907805584530022e-02
2.000000000000000000e+00 7.281626935593518701e-02
2.050000000000000266e+00 7.123799867417854315e-02
2.100000000000000089e+00 6.968325282888959693e-02
2.149999999999999911e+00 6.815085254917267743e-02
2.200000000000000178e+00 6.663985336109705393e-02
2.250000000000000000e+00 6.514943094517892941e-02
2.300000000000000266e+00 6.367871804421197657e-02
2.350000000000000089e+00 6.222703199056655449e-02
2.400000000000000355e+00 6.079364786541301829e-02
2.450000000000000178e+00 5.937785063406580965e-02
2.500000000000000000e+00 5.797908622166797477e-02
2.550000000000000266e+00 5.659685027579328814e-02
2.600000000000000089e+00 5.523101792637714197e-02
2.650000000000000355e+00 5.388022212320339038e-02
2.700000000000000178e+00 5.254382857845313337e-02
2.750000000000000000e+00 5.122134963755302361e-02
2.800000000000000266e+00 4.991220431218443276e-02
2.850000000000000089e+00 4.861580011477539820e-02
2.900000000000000355e+00 4.733173337877056436e-02
2.950000000000000178e+00 4.605952276482646462e-02
3.000000000000000000e+00 4.479871723244190085e-02
3.050000000000000266e+00 4.354891235090140728e-02
3.100000000000000089e+00 4.230967814040077074e-02
3.150000000000000355e+00 4.108062623142980097e-02
3.200000000000000178e+00 3.986134852694665776e-02
3.250000000000000000e+00 3.865144884730891545e-02
3.300000000000000266e+00 3.745058039170881536e-02
3.350000000000000089e+00 3.625837013896898720e-02
3.400000000000000355e+00 3.507449214758071032e-02
3.450000000000000178e+00 3.389860534987060997e-02
3.500000000000000000e+00 3.273035289092987576e-02
3.550000000000000266e+00 3.156945262844348260e-02
3.600000000000000089e+00 3.041556182135589370e-02
3.650000000000000355e+00 2.926838539618604670e-02
3.700000000000000178e+00 2.812764201178744733e-02
3.750000000000000000e+00 2.699305462747356513e-02
3.800000000000000266e+00 2.586434794790848368e-02
3.850000000000000089e+00 2.474113604344572309e-02
3.900000000000000355e+00 2.362321884215404580e-02
3.950000000000000178e+00 2.251032160875824154e-02
4.000000000000000000e+00 2.140218809671341413e-02
4.049999999999999822e+00 2.029876825340407726e-02
4.100000000000000533e+00 1.919962605864215799e-02
4.150000000000000355e+00 1.810451655879106309e-02
4.200000000000000178e+00 1.701323075072687374e-02
4.250000000000000000e+00 1.592548536114687247e-02
4.299999999999999822e+00 1.484105794476871937e-02
4.350000000000000533e+00 1.375971196629658527e-02
4.400000000000000355e+00 1.268118848606878887e-02
4.450000000000000178e+00 1.160523196666832756e-02
4.500000000000000000e+00 1.053168978876142976e-02
4.549999999999999822e+00 9.460280252000824452e-03
4.600000000000000533e+00 8.390804493321859028e-03
4.650000000000000355e+00 7.323034608994369657e-03
4.700000000000000178e+00 6.256772049945160709e-03
4.750000000000000000e+00 5.191802270635579621e-03
4.800000000000000711e+00 4.127914963503637007e-03
4.850000000000000533e+00 3.064875065249067325e-03
4.900000000000000355e+00 2.002481323571570111e-03
4.950000000000000178e+00 9.405648350126907895e-04
5.000000000000000000e+00 -1.211839168202509249e-04
5.050000000000000711e+00 -1.182931000434407198e-03
5.100000000000000533e+00 -2.244903402364077736e-03
5.150000000000000355e+00 -3.307299969878410312e-03
5.200000000000000178e+00 -4.370344795446042332e-03
5.250000000000000000e+00 -5.434229864516374776e-03
5.300000000000000711e+00 -6.499202278558615341e-03
5.350000000000000533e+00 -7.565474500030468404e-03
5.400000000000000355e+00 -8.633276933461752831e-03
5.450000000000000178e+00 -9.702805865936137142e-03
5.500000000000000000e+00 -1.077430205287244203e-02
5.550000000000000711e+00 -1.184795614433562655e-02
5.600000000000000533e+00 -1.292401980246938621e-02
5.650000000000000355e+00 -1.400270688164502279e-02
5.700000000000000178e+00 -1.508410668103335982e-02
5.750000000000000000e+00 -1.616857585226608163e-02
5.800000000000000711e+00 -1.725632963418953503e-02
5.850000000000000533e+00 -1.834759488149512174e-02
5.900000000000000355e+00 -1.944253935877981315e-02
5.950000000000000178e+00 -2.054124985369868567e-02
6.000000000000000000e+00 -2.164322200318578512e-02
6.050000000000000711e+00 -2.274971003219093679e-02
6.100000000000000533e+00 -2.386092971377341138e-02
6.150000000000000355e+00 -2.497717285131080545e-02
6.200000000000000178e+00 -2.609868487830233411e-02
6.250000000000000000e+00 -2.722577367038728213e-02
6.300000000000000711e+00 -2.835871851981737815e-02
6.350000000000000533e+00 -2.949779448272932952e-02
6.400000000000000355e+00 -3.064327414330848820e-02
6.450000000000000178e+00 -3.179546631476037888e-02
6.500000000000000000e+00 -3.295468229775559005e-02
6.550000000000000711e+00 -3.412125493403112692e-02
6.600000000000000533e+00 -3.529551706705785080e-02
6.650000000000000355e+00 -3.647776791789462958e-02
6.700000000000000178e+00 -3.766830820251684808e-02
6.750000000000000000e+00 -3.886765755414330753e-02
6.800000000000000711e+00 -4.007606670955997374e-02
6.850000000000000533e+00 -4.129395431615205669e-02
6.900000000000000355e+00 -4.252168492616006240e-02
6.950000000000000178e+00 -4.375959422466300930e-02
7.000000000000000000e+00 -4.500814115240004548e-02
7.050000000000000711e+00 -4.626780067453019341e-02
7.100000000000000533e+00 -4.753900413319175206e-02
7.150000000000000355e+00 -4.882220231467628707e-02
7.200000000000000178e+00 -5.011784876475777750e-02
7.250000000000000000e+00 -5.142642268891170487e-02
7.300000000000000711e+00 -5.274836294680601556e-02
7.350000000000000533e+00 -5.408423311161787012e-02
7.400000000000000355e+00 -5.543453799744878924e-02
7.450000000000000178e+00 -5.679981291934326632e-02
7.500000000000000000e+00 -5.818081921792242484e-02
7.550000000000000711e+00 -5.957797164190002659e-02
7.600000000000000533e+00 -6.099191365997102404e-02
7.650000000000000355e+00 -6.242300658947171066e-02
7.700000000000000178e+00 -6.387222806504441741e-02
7.750000000000000000e+00 -6.534026881937544939e-02
7.800000000000000711e+00 -6.682796243881342080e-02
7.850000000000000533e+00 -6.833608001861703196e-02
7.900000000000000355e+00 -6.986551071025232096e-02
7.950000000000000178e+00 -7.141705985123367184e-02
8.000000000000000000e+00 -7.299170674390871583e-02
8.050000000000000711e+00 -7.459040552055448692e-02
8.099999999999999645e+00 -7.621418780748051569e-02
8.150000000000000355e+00 -7.786417462678979495e-02
8.200000000000001066e+00 -7.954156854067519211e-02
8.250000000000000000e+00 -8.124745444325923160e-02
8.300000000000000711e+00 -8.298303724211630872e-02
8.349999999999999645e+00 -8.474968280843866997e-02
8.400000000000000355e+00 -8.654876601115628343e-02
8.450000000000001066e+00 -8.838175420781455016e-02
8.500000000000000000e+00 -9.025014972846215344e-02
8.550000000000000711e+00 -9.215556505336591764e-02
8.599999999999999645e+00 -9.409963489159693661e-02
8.650000000000000355e+00 -9.608418867538306984e-02
8.700000000000001066e+00 -9.811113061910707589e-02
8.750000000000000000e+00 -1.001824570385647095e-01
8.800000000000000711e+00 -1.023002784519553843e-01
8.849999999999999645e+00 -1.044667956779689044e-01
8.900000000000000355e+00 -1.066843735505699914e-01
8.950000000000001066e+00 -1.089554549374656123e-01
9.000000000000000000e+00 -1.112830592703349247e-01
9.050000000000000711e+00 -1.136692614780498017e-01
9.099999999999999645e+00 -1.161173542819008003e-01
9.150000000000000355e+00 -1.186291180265936496e-01
9.200000000000001066e+00 -1.212090555274864673e-01
9.250000000000000000e+00 -1.238607481606733146e-01
9.300000000000000711e+00 -1.265878091897081614e-01
9.349999999999999645e+00 -1.293940472508376960e-01
9.400000000000000355e+00 -1.322835679507161633e-01
9.450000000000001066e+00 -1.352606646013032043e-01
9.500000000000000000e+00 -1.383298904428821308e-01
9.550000000000000711e+00 -1.414960567889123333e-01
9.600000000000001421e+00 -1.447642589083444065e-01
9.650000000000000355e+00 -1.481398689150303372e-01
9.700000000000001066e+00 -1.516285554180875905e-01
9.750000000000000000e+00 -1.552363406324139550e-01
9.800000000000000711e+00 -1.589695850548734357e-01
9.850000000000001421e+00 -1.628350060155977497e-01
9.900000000000000355e+00 -1.668397071376964691e-01
9.950000000000001066e+00 -1.709911931891619774e-01
1.000000000000000000e+01 -1.752974027819385883e-01
