0.000000000000000000e+00 3.009116358339986586e-01
2.500000000000000000e-01 2.645505553568594515e-01
5.000000000000000000e-01 2.351583621713308481e-01
7.500000000000000000e-01 2.110399878928383988e-01
1.000000000000000000e+00 1.909523247454580075e-01
1.250000000000000000e+00 1.739788497245410570e-01
1.500000000000000000e+00 1.594399356270793378e-01
1.750000000000000000e+00 1.468283087313545510e-01
2.000000000000000000e+00 1.357625271717553261e-01
2.250000000000000000e+00 1.259524612595404880e-01
2.500000000000000000e+00 1.171779573323919743e-01
2.750000000000000000e+00 1.092667539196413296e-01
3.000000000000000000e+00 1.020865402646075060e-01
3.250000000000000000e+00 9.553246949678950717e-02
3.500000000000000000e+00 8.952089428369572333e-02
3.750000000000000000e+00 8.398417589391855842e-02
4.000000000000000000e+00 7.886702485724381151e-02
4.250000000000000000e+00 7.412362281066831038e-02
4.500000000000000000e+00 6.971544749240145278e-02
4.750000000000000000e+00 6.561037633707191008e-02
5.000000000000000000e+00 6.178062375925325034e-02
5.250000000000000000e+00 5.820232029846070937e-02
5.500000000000000000e+00 5.485474537745888696e-02
5.750000000000000000e+00 5.171963299685199827e-02
6.000000000000000000e+00 4.878057501750752978e-02
6.250000000000000000e+00 4.602272572622791158e-02
6.500000000000000000e+00 4.343305989019985436e-02
6.750000000000000000e+00 4.100020261559431806e-02
7.000000000000000000e+00 3.871291966477481694e-02
7.250000000000000000e+00 3.656160631989341381e-02
7.500000000000000000e+00 3.453720482168452788e-02
7.750000000000000000e+00 3.263049290080152071e-02
8.000000000000000000e+00 3.083513605648307079e-02
8.250000000000000000e+00 2.914370450814580960e-02
8.500000000000000000e+00 2.754931616913151166e-02
8.750000000000000000e+00 2.604592235985426010e-02
9.000000000000000000e+00 2.462798075325080271e-02
9.250000000000000000e+00 2.329071714122421533e-02
9.500000000000000000e+00 2.202906332110643114e-02
9.750000000000000000e+00 2.083877110333897872e-02
1.000000000000000000e+01 1.971531823105376544e-02
1.025000000000000000e+01 1.865447302845292532e-02
1.050000000000000000e+01 1.765256286898219187e-02
1.075000000000000000e+01 1.670619669155854262e-02
1.100000000000000000e+01 1.581174907256955794e-02
1.125000000000000000e+01 1.496651871421771085e-02
1.150000000000000000e+01 1.416773754564989822e-02
1.175000000000000000e+01 1.341272607550265603e-02
1.200000000000000000e+01 1.269914293270840537e-02
1.225000000000000000e+01 1.202425205360509175e-02
1.250000000000000000e+01 1.138617151356906103e-02
1.275000000000000000e+01 1.078308992973910432e-02
1.300000000000000000e+01 1.021270602116919682e-02
1.325000000000000000e+01 9.673247497089681318e-03
1.350000000000000000e+01 9.163318804805257317e-03
1.375000000000000000e+01 8.680794795687653276e-03
1.400000000000000000e+01 8.224469557229779557e-03
1.425000000000000000e+01 7.792925877222333861e-03
1.450000000000000000e+01 7.384740650164551418e-03
1.475000000000000000e+01 6.998512229066781304e-03
1.500000000000000000e+01 6.633076361316219034e-03
1.525000000000000000e+01 6.287265821049879341e-03
1.550000000000000000e+01 5.959870833582184974e-03
1.575000000000000000e+01 5.650004832104455789e-03
1.600000000000000000e+01 5.356466438643020175e-03
1.625000000000000000e+01 5.078616039310556753e-03
1.650000000000000000e+01 4.815432707275766298e-03
1.675000000000000000e+01 4.566141525539679606e-03
1.700000000000000000e+01 4.329987274025531852e-03
1.725000000000000000e+01 4.106332889197026638e-03
1.750000000000000000e+01 3.894412520746927658e-03
1.775000000000000000e+01 3.693601867207123735e-03
1.800000000000000000e+01 3.503437342210781718e-03
1.825000000000000000e+01 3.323259314084463147e-03
1.850000000000000000e+01 3.152560401398382846e-03
1.875000000000000000e+01 2.990811377924579122e-03
1.900000000000000000e+01 2.837528645900805249e-03
1.925000000000000000e+01 2.692207657996703411e-03
1.950000000000000000e+01 2.554435576455348599e-03
1.975000000000000000e+01 2.423900017948823083e-03
2.000000000000000000e+01 2.300112652837228711e-03
2.025000000000000000e+01 2.182719364681493402e-03
2.050000000000000000e+01 2.071441321987182397e-03
2.075000000000000000e+01 1.965878572805989169e-03
2.100000000000000000e+01 1.865743791694101121e-03
2.125000000000000000e+01 1.770757051165862753e-03
2.150000000000000000e+01 1.680735145821249648e-03
2.175000000000000000e+01 1.595352983137686680e-03
2.200000000000000000e+01 1.514338550279757580e-03
2.225000000000000000e+01 1.437458630701778529e-03
2.250000000000000000e+01 1.364521935964299821e-03
2.275000000000000000e+01 1.295267502330485704e-03
2.300000000000000000e+01 1.229561418532168450e-03
2.325000000000000000e+01 1.167183264677707725e-03
2.350000000000000000e+01 1.107973079253113998e-03
2.375000000000000000e+01 1.051757564713273491e-03
2.400000000000000000e+01 9.984653262742112373e-04
2.425000000000000000e+01 9.478816266844633564e-04
2.450000000000000000e+01 8.998304373611481751e-04
2.475000000000000000e+01 8.542685526722929544e-04
2.500000000000000000e+01 8.110189348805445534e-04
2.525000000000000000e+01 7.699764769999272026e-04
2.550000000000000000e+01 7.310329069036773219e-04
2.575000000000000000e+01 6.939717678328392349e-04
2.600000000000000000e+01 6.587973455721618434e-04
2.625000000000000000e+01 6.254424990709191732e-04
2.650000000000000000e+01 5.937843680588934542e-04
2.675000000000000000e+01 5.637663988111305457e-04
2.700000000000000000e+01 5.352401782002609489e-04
2.725000000000000000e+01 5.081851847264179465e-04
2.750000000000000000e+01 4.825230839402785575e-04
2.775000000000000000e+01 4.581396261936194580e-04
2.800000000000000000e+01 4.350448891313918212e-04
2.825000000000000000e+01 4.131280486988287890e-04
2.850000000000000000e+01 3.923572394540209810e-04
2.875000000000000000e+01 3.726181498727665028e-04
2.900000000000000000e+01 3.538929380519981313e-04
2.925000000000000000e+01 3.361114234653354372e-04
2.950000000000000000e+01 3.192907598465838338e-04
2.975000000000000000e+01 3.033360433794154271e-04
3.000000000000000000e+01 2.881402954265496947e-04
3.025000000000000000e+01 2.737422999469798471e-04
3.050000000000000000e+01 2.600200825854608435e-04
3.075000000000000000e+01 2.470556312932413001e-04
3.100000000000000000e+01 2.347802331542309735e-04
3.125000000000000000e+01 2.231331423312574635e-04
3.150000000000000000e+01 2.121022501978891365e-04
3.175000000000000000e+01 2.016667979426936942e-04
3.200000000000000000e+01 1.917101028855738051e-04
3.225000000000000000e+01 1.822437580549757350e-04
3.250000000000000000e+01 1.732890375711368489e-04
3.275000000000000000e+01 1.648410260732548454e-04
3.300000000000000000e+01 1.567915015378938540e-04
3.325000000000000000e+01 1.491574480565895197e-04
3.350000000000000000e+01 1.419089887320303014e-04
3.375000000000000000e+01 1.349826951169047268e-04
3.400000000000000000e+01 1.284709073440916741e-04
3.425000000000000000e+01 1.222905576791047692e-04
3.450000000000000000e+01 1.164182169510621321e-04
3.475000000000000000e+01 1.108894576106467109e-04
3.500000000000000000e+01 1.055597866986472764e-04
3.525000000000000000e+01 1.004488593907822900e-04
3.550000000000000000e+01 9.558883771785933508e-05
3.575000000000000000e+01 9.101843764124266443e-05
3.600000000000000000e+01 8.662683467175046493e-05
3.625000000000000000e+01 8.233371894943415181e-05
3.650000000000000000e+01 7.834951222752864052e-05
3.675000000000000000e+01 7.468781115490685937e-05
3.700000000000000000e+01 7.118406382310588651e-05
3.725000000000000000e+01 6.783832057408569274e-05
3.750000000000000000e+01 6.464036393608435765e-05
3.775000000000000000e+01 6.163120022466766308e-05
3.800000000000000000e+01 5.869942626798366068e-05
3.825000000000000000e+01 5.594794214566462356e-05
3.850000000000000000e+01 5.335956837195212558e-05
3.875000000000000000e+01 5.085105250866264504e-05
3.900000000000000000e+01 4.847821280770017168e-05
3.925000000000000000e+01 4.622233828813197576e-05
3.950000000000000000e+01 4.402060469644934851e-05
3.975000000000000000e+01 4.189215207507079593e-05
4.000000000000000000e+01 3.999454264250395326e-05
4.025000000000000000e+01 3.806421344200217093e-05
4.050000000000000000e+01 3.637014858321297275e-05
4.075000000000000000e+01 3.481920280270858634e-05
4.100000000000000000e+01 3.327221625825369823e-05
4.125000000000000000e+01 3.174714239872596859e-05
4.150000000000000000e+01 3.032028803589255922e-05
4.175000000000000000e+01 2.889606720096048011e-05
4.200000000000000000e+01 2.755445686444730921e-05
4.225000000000000000e+01 2.631865957148858649e-05
4.250000000000000000e+01 2.510888077223896365e-05
4.275000000000000000e+01 2.391214133533717910e-05
4.300000000000000000e+01 2.277473675598252884e-05
4.325000000000000000e+01 2.162866800933131907e-05
4.350000000000000000e+01 2.050601179374576566e-05
4.375000000000000000e+01 1.947604242889308245e-05
4.400000000000000000e+01 1.843772187495537358e-05
4.425000000000000000e+01 1.743208877433061101e-05
4.450000000000000000e+01 1.650030577224159369e-05
4.475000000000000000e+01 1.556900345187552063e-05
4.500000000000000000e+01 1.468160232426661350e-05
4.525000000000000000e+01 1.381381001127597073e-05
4.550000000000000000e+01 1.299658843734431433e-05
4.575000000000000000e+01 1.224376802104742064e-05
4.600000000000000000e+01 1.149342976163713374e-05
4.625000000000000000e+01 1.074699133999306800e-05
4.650000000000000000e+01 1.004904811477132736e-05
4.675000000000000000e+01 9.338842070011492321e-06
4.700000000000000000e+01 8.653220053195974848e-06
4.725000000000000000e+01 8.018005537308679352e-06
4.750000000000000000e+01 7.433333285642244080e-06
4.775000000000000000e+01 6.853306801171223149e-06
4.800000000000000000e+01 6.271105677730965854e-06
4.825000000000000000e+01 5.678460156558985653e-06
4.850000000000000000e+01 5.129175423854840316e-06
4.875000000000000000e+01 4.516581196983376518e-06
4.900000000000000000e+01 4.013930678501239709e-06
4.925000000000000000e+01 3.515163127764930043e-06
4.950000000000000000e+01 3.042125986541468023e-06
4.975000000000000000e+01 2.565362460023300838e-06
5.000000000000000000e+01 2.134198854775382547e-06
5.025000000000000000e+01 1.645824192415450036e-06
5.050000000000000000e+01 1.229785246963504334e-06
5.075000000000000000e+01 8.716842048859185731e-07
5.100000000000000000e+01 4.359933367899635265e-07
5.125000000000000000e+01 2.991566185164992778e-08
5.150000000000000000e+01 -4.070467779314092777e-07
5.175000000000000000e+01 -8.862723811665185933e-07
5.200000000000000000e+01 -1.356611289645073863e-06
5.225000000000000000e+01 -1.863254568073862079e-06
5.250000000000000000e+01 -2.412185347260490860e-06
5.275000000000000000e+01 -2.984197405460018893e-06
5.300000000000000000e+01 -3.581499780897240380e-06
5.325000000000000000e+01 -4.175642968035791695e-06
5.350000000000000000e+01 -4.793589329871680633e-06
5.375000000000000000e+01 -5.407568068478014052e-06
5.400000000000000000e+01 -6.071826278599110500e-06
5.425000000000000000e+01 -6.719584651163440426e-06
5.450000000000000000e+01 -7.410894217930144820e-06
5.475000000000000000e+01 -8.116677099294028618e-06
5.500000000000000000e+01 -8.852947697754032214e-06
5.525000000000000000e+01 -9.653825667064933381e-06
5.550000000000000000e+01 -1.038400431384816702e-05
5.575000000000000000e+01 -1.114486731921299612e-05
5.600000000000000000e+01 -1.195992951464823321e-05
5.625000000000000000e+01 -1.282271744060026071e-05
5.650000000000000000e+01 -1.370762392071449538e-05
5.675000000000000000e+01 -1.464111935236498924e-05
5.700000000000000000e+01 -1.560099028994006346e-05
5.725000000000000000e+01 -1.655480404127977501e-05
5.750000000000000000e+01 -1.753992637903280268e-05
5.775000000000000000e+01 -1.856367165884181367e-05
5.800000000000000000e+01 -1.964049580542237823e-05
5.825000000000000000e+01 -2.078454899130787462e-05
5.850000000000000000e+01 -2.207923919814949409e-05
5.875000000000000000e+01 -2.339110218713968077e-05
5.900000000000000000e+01 -2.484503777938284965e-05
5.925000000000000000e+01 -2.639728299875724579e-05
5.950000000000000000e+01 -2.797440961153437150e-05
5.975000000000000000e+01 -2.973773670904562879e-05
6.000000000000000000e+01 -3.149253627735476091e-05
6.025000000000000000e+01 -3.337365960916616311e-05
6.050000000000000000e+01 -3.538389009881423119e-05
6.075000000000000000e+01 -3.747135606068584631e-05
6.100000000000000000e+01 -3.965750730221898746e-05
6.125000000000000000e+01 -4.196063239207533594e-05
6.150000000000000000e+01 -4.434656854204609589e-05
6.175000000000000000e+01 -4.690586096390537242e-05
6.200000000000000000e+01 -4.964974982377808532e-05
6.225000000000000000e+01 -5.252929568507140303e-05
6.250000000000000000e+01 -5.553743811796345135e-05
6.275000000000000000e+01 -5.868036255951478006e-05
6.300000000000000000e+01 -6.200858519572842985e-05
6.325000000000000000e+01 -6.556121545762543272e-05
6.350000000000000000e+01 -6.932587037977525621e-05
6.375000000000000000e+01 -7.327931197442994664e-05
6.400000000000000000e+01 -7.738017645351807829e-05
6.425000000000000000e+01 -8.171278997624447380e-05
6.450000000000000000e+01 -8.626772568786086968e-05
6.475000000000000000e+01 -9.105635643966138659e-05
6.500000000000000000e+01 -9.611590068853805892e-05
6.525000000000000000e+01 -1.014220581860115838e-04
6.550000000000000000e+01 -1.069810875766577968e-04
6.575000000000000000e+01 -1.128383955393996745e-04
6.600000000000000000e+01 -1.190120629890869332e-04
6.625000000000000000e+01 -1.254765834488026340e-04
6.650000000000000000e+01 -1.322938788636286440e-04
6.675000000000000000e+01 -1.395143118170128632e-04
6.700000000000000000e+01 -1.471017603243050483e-04
6.725000000000000000e+01 -1.551253036467379243e-04
6.750000000000000000e+01 -1.635781879734755418e-04
6.775000000000000000e+01 -1.725314590192599039e-04
6.800000000000000000e+01 -1.819790622874999466e-04
6.825000000000000000e+01 -1.919338923309521917e-04
6.850000000000000000e+01 -2.024124071599465047e-04
6.875000000000000000e+01 -2.134796774068736574e-04
6.900000000000000000e+01 -2.250870316362290182e-04
6.925000000000000000e+01 -2.372811349250474196e-04
6.950000000000000000e+01 -2.501771024136786392e-04
6.975000000000000000e+01 -2.637280533196225004e-04
7.000000000000000000e+01 -2.780285290890889896e-04
7.025000000000000000e+01 -2.930680779196626995e-04
7.050000000000000000e+01 -3.089701788501769556e-04
7.075000000000000000e+01 -3.256703793296422049e-04
7.100000000000000000e+01 -3.433676099935630607e-04
7.125000000000000000e+01 -3.618871634980603321e-04
7.150000000000000000e+01 -3.815824197372085251e-04
7.175000000000000000e+01 -4.023195336074508093e-04
7.200000000000000000e+01 -4.241095029275093590e-04
7.225000000000000000e+01 -4.471772748528349273e-04
7.250000000000000000e+01 -4.713801666736625322e-04
7.275000000000000000e+01 -4.969099941220030559e-04
7.300000000000000000e+01 -5.237228958801816827e-04
7.325000000000000000e+01 -5.520463962195981938e-04
7.350000000000000000e+01 -5.818815908077841189e-04
7.375000000000000000e+01 -6.133675045067318258e-04
7.400000000000000000e+01 -6.465391683386350350e-04
7.425000000000000000e+01 -6.815383706241137348e-04
7.450000000000000000e+01 -7.184182266882532027e-04
7.475000000000000000e+01 -7.573073192435609809e-04
7.500000000000000000e+01 -7.983352078373636990e-04
7.525000000000000000e+01 -8.415967020314868820e-04
7.550000000000000000e+01 -8.872178214305344182e-04
7.575000000000000000e+01 -9.353245126106371704e-04
7.600000000000000000e+01 -9.860800250708764373e-04
7.625000000000000000e+01 -1.039530310684775747e-03
7.650000000000000000e+01 -1.095830888602266533e-03
7.675000000000000000e+01 -1.155164024315291291e-03
7.700000000000000000e+01 -1.217760747984878269e-03
7.725000000000000000e+01 -1.283742189460323558e-03
7.750000000000000000e+01 -1.353272791294815678e-03
7.775000000000000000e+01 -1.426652115286709040e-03
7.800000000000000000e+01 -1.503985257078547470e-03
7.825000000000000000e+01 -1.585512357424776267e-03
7.850000000000000000e+01 -1.671510524503757016e-03
7.875000000000000000e+01 -1.762165918919363994e-03
7.900000000000000000e+01 -1.857864847851324825e-03
7.925000000000000000e+01 -1.958743089330195787e-03
7.950000000000000000e+01 -2.065252346269117606e-03
7.975000000000000000e+01 -2.177544417713130152e-03
8.000000000000000000e+01 -2.296059455283242564e-03
8.025000000000000000e+01 -2.421026848883106337e-03
8.050000000000000000e+01 -2.552798777968033530e-03
8.075000000000000000e+01 -2.691969955139234850e-03
8.100000000000000000e+01 -2.838644196347775255e-03
8.125000000000000000e+01 -2.993611846022993603e-03
8.150000000000000000e+01 -3.157057989439872921e-03
8.175000000000000000e+01 -3.329518569292343796e-03
8.200000000000000000e+01 -3.511690878741162338e-03
8.225000000000000000e+01 -3.703999869072411612e-03
8.250000000000000000e+01 -3.906980432269712214e-03
8.275000000000000000e+01 -4.121247666508154849e-03
8.300000000000000000e+01 -4.347461327033591560e-03
8.325000000000000000e+01 -4.586258218239028586e-03
8.350000000000000000e+01 -4.838255907230856918e-03
8.375000000000000000e+01 -5.104366596551887687e-03
8.400000000000000000e+01 -5.385312225614597922e-03
8.425000000000000000e+01 -5.682039736104611133e-03
8.450000000000000000e+01 -5.995391433458467124e-03
8.475000000000000000e+01 -6.326360650799812101e-03
8.500000000000000000e+01 -6.675873566203491781e-03
8.525000000000000000e+01 -7.045024580043082567e-03
8.550000000000000000e+01 -7.434827237476329155e-03
8.575000000000000000e+01 -7.846632454541747209e-03
8.600000000000000000e+01 -8.281605846547582944e-03
8.625000000000000000e+01 -8.741155605583639243e-03
8.650000000000000000e+01 -9.226867738794483631e-03
8.675000000000000000e+01 -9.740161251638745216e-03
8.700000000000000000e+01 -1.028247092643862562e-02
8.725000000000000000e+01 -1.085612247970005675e-02
8.750000000000000000e+01 -1.146268851228649834e-02
8.775000000000000000e+01 -1.210416423169655836e-02
8.800000000000000000e+01 -1.278273204630375054e-02
8.825000000000000000e+01 -1.350054872266171109e-02
8.850000000000000000e+01 -1.426007846469785727e-02
8.875000000000000000e+01 -1.506390007622266346e-02
8.900000000000000000e+01 -1.591447545561696167e-02
8.925000000000000000e+01 -1.681466437577641346e-02
8.950000000000000000e+01 -1.776733153910736024e-02
8.975000000000000000e+01 -1.877568892789930471e-02
9.000000000000000000e+01 -1.984329193709401598e-02
9.025000000000000000e+01 -2.097388916670552689e-02
9.050000000000000000e+01 -2.217156434178524371e-02
9.075000000000000000e+01 -2.344047237753331056e-02
9.100000000000000000e+01 -2.478561298432879062e-02
9.125000000000000000e+01 -2.621170545251912468e-02
9.150000000000000000e+01 -2.772392161459490828e-02
9.175000000000000000e+01 -2.932792844017801520e-02
9.200000000000000000e+01 -3.103004941537669537e-02
9.225000000000000000e+01 -3.283719885773067615e-02
9.250000000000000000e+01 -3.475638737557335683e-02
9.275000000000000000e+01 -3.679515233273025765e-02
9.300000000000000000e+01 -3.896178021945568420e-02
9.325000000000000000e+01 -4.126533672677228787e-02
9.350000000000000000e+01 -4.371584676198098790e-02
9.375000000000000000e+01 -4.632403780888456196e-02
9.400000000000000000e+01 -4.910194354995026794e-02
9.425000000000000000e+01 -5.206309898629477018e-02
9.450000000000000000e+01 -5.522229834094894568e-02
9.475000000000000000e+01 -5.859582898475872853e-02
9.500000000000000000e+01 -6.220172221034332011e-02
9.525000000000000000e+01 -6.606075637160159497e-02
9.550000000000000000e+01 -7.019722726580374106e-02
9.575000000000000000e+01 -7.463923537189047497e-02
9.600000000000000000e+01 -7.941948088872473333e-02
9.625000000000000000e+01 -8.457625093343855427e-02
9.650000000000000000e+01 -9.015521120692449042e-02
9.675000000000000000e+01 -9.621147793762592493e-02
9.700000000000000000e+01 -1.028121676870285134e-01
9.725000000000000000e+01 -1.100408186619764306e-01
9.750000000000000000e+01 -1.180013301249772661e-01
9.775000000000000000e+01 -1.268264786134685740e-01
9.800000000000000000e+01 -1.366835826015920796e-01
9.825000000000000000e+01 -1.477900125298476919e-01
9.850000000000000000e+01 -1.604293790237219519e-01
9.875000000000000000e+01 -1.749746792704212073e-01
9.900000000000000000e+01 -1.919205332377147133e-01
9.925000000000000000e+01 -2.119279794532206995e-01
9.950000000000000000e+01 -2.358865601773511567e-01
9.975000000000000000e+01 -2.650008782500680171e-01
1.000000000000000000e+02 -3.009116358339986586e-01
