0.000000000000000000e+00 -5.165862108809010644e-01
2.500000000000000000e-01 -4.523087139482085406e-01
5.000000000000000000e-01 -3.989379259570354774e-01
7.500000000000000000e-01 -3.542112828945122582e-01
1.000000000000000000e+00 -3.163912700439430736e-01
1.250000000000000000e+00 -2.841360020016137633e-01
1.500000000000000000e+00 -2.564025045077417131e-01
1.750000000000000000e+00 -2.323745806483751009e-01
2.000000000000000000e+00 -2.114092867838452960e-01
2.250000000000000000e+00 -1.929962535908711641e-01
2.500000000000000000e+00 -1.767261216791734812e-01
2.750000000000000000e+00 -1.622733740039666861e-01
3.000000000000000000e+00 -1.493691470431132984e-01
3.250000000000000000e+00 -1.377943023384038679e-01
3.500000000000000000e+00 -1.273683774005360536e-01
3.750000000000000000e+00 -1.179422460619391488e-01
4.000000000000000000e+00 -1.093904454323009340e-01
4.250000000000000000e+00 -1.016076316709732807e-01
4.500000000000000000e+00 -9.450482401150393785e-02
4.750000000000000000e+00 -8.800555020810545137e-02
5.000000000000000000e+00 -8.204469441458449308e-02
5.250000000000000000e+00 -7.656587796412975266e-02
5.500000000000000000e+00 -7.152024447218979786e-02
5.750000000000000000e+00 -6.686526997152081320e-02
6.000000000000000000e+00 -6.256356960581285764e-02
6.250000000000000000e+00 -5.858202942966773269e-02
6.500000000000000000e+00 -5.489164642852712578e-02
6.750000000000000000e+00 -5.146769154424320897e-02
7.000000000000000000e+00 -4.828609423971910730e-02
7.250000000000000000e+00 -4.532681247502556160e-02
7.500000000000000000e+00 -4.257140239378452706e-02
7.750000000000000000e+00 -4.000180017181757114e-02
8.000000000000000000e+00 -3.760447581033526249e-02
8.250000000000000000e+00 -3.536606878280423860e-02
8.500000000000000000e+00 -3.327394844338760205e-02
8.750000000000000000e+00 -3.131732355265324369e-02
9.000000000000000000e+00 -2.948629164031220037e-02
9.250000000000000000e+00 -2.777160260914374526e-02
9.500000000000000000e+00 -2.616470510523019252e-02
9.750000000000000000e+00 -2.465849277799097780e-02
1.000000000000000000e+01 -2.324547533663070056e-02
1.025000000000000000e+01 -2.191973295879210554e-02
1.050000000000000000e+01 -2.067489398573024370e-02
1.075000000000000000e+01 -1.950582022224270351e-02
1.100000000000000000e+01 -1.840716202366671564e-02
1.125000000000000000e+01 -1.737446244363739442e-02
1.150000000000000000e+01 -1.640340172545145733e-02
1.175000000000000000e+01 -1.548983342050741681e-02
1.200000000000000000e+01 -1.463015995851978980e-02
1.225000000000000000e+01 -1.382078659544369419e-02
1.250000000000000000e+01 -1.305854546886923116e-02
1.275000000000000000e+01 -1.234058160316684263e-02
1.300000000000000000e+01 -1.166405464686741389e-02
1.325000000000000000e+01 -1.102639503933400440e-02
1.350000000000000000e+01 -1.042536365456470278e-02
1.375000000000000000e+01 -9.858449519564058475e-03
1.400000000000000000e+01 -9.323839032264628901e-03
1.425000000000000000e+01 -8.819508568179272937e-03
1.450000000000000000e+01 -8.343627889652932214e-03
1.475000000000000000e+01 -7.894541456384305059e-03
1.500000000000000000e+01 -7.470591025338048016e-03
1.525000000000000000e+01 -7.070197639641510184e-03
1.550000000000000000e+01 -6.692155063560726973e-03
1.575000000000000000e+01 -6.335030921131915710e-03
1.600000000000000000e+01 -5.997681159253961947e-03
1.625000000000000000e+01 -5.678858930571130739e-03
1.650000000000000000e+01 -5.377482508422426824e-03
1.675000000000000000e+01 -5.092571940225690437e-03
1.700000000000000000e+01 -4.823245018394117269e-03
1.725000000000000000e+01 -4.568530631042855457e-03
1.750000000000000000e+01 -4.327597852144316783e-03
1.775000000000000000e+01 -4.099739573014475093e-03
1.800000000000000000e+01 -3.884199438370394743e-03
1.825000000000000000e+01 -3.680272491774003521e-03
1.850000000000000000e+01 -3.487452846833816872e-03
1.875000000000000000e+01 -3.304913729684866384e-03
1.900000000000000000e+01 -3.132085419741477417e-03
1.925000000000000000e+01 -2.968530330846609264e-03
1.950000000000000000e+01 -2.813640130881865740e-03
1.975000000000000000e+01 -2.666908899740383712e-03
2.000000000000000000e+01 -2.527931626494837967e-03
2.025000000000000000e+01 -2.396328992898616277e-03
2.050000000000000000e+01 -2.271669422320109905e-03
2.075000000000000000e+01 -2.153515468678739424e-03
2.100000000000000000e+01 -2.041541788161795826e-03
2.125000000000000000e+01 -1.935402836923413297e-03
2.150000000000000000e+01 -1.834795546048299418e-03
2.175000000000000000e+01 -1.739465380589140650e-03
2.200000000000000000e+01 -1.649171555252054895e-03
2.225000000000000000e+01 -1.563589131163419096e-03
2.250000000000000000e+01 -1.482509570794564085e-03
2.275000000000000000e+01 -1.405732335624249128e-03
2.300000000000000000e+01 -1.332887113252428099e-03
2.325000000000000000e+01 -1.263827174606257974e-03
2.350000000000000000e+01 -1.198380926948727386e-03
2.375000000000000000e+01 -1.136330231931436795e-03
2.400000000000000000e+01 -1.077444558398254603e-03
2.425000000000000000e+01 -1.021701946361094383e-03
2.450000000000000000e+01 -9.688642784200066126e-04
2.475000000000000000e+01 -9.187667649755813662e-04
2.500000000000000000e+01 -8.712631382510958433e-04
2.525000000000000000e+01 -8.262621496486805169e-04
2.550000000000000000e+01 -7.835648780439721057e-04
2.575000000000000000e+01 -7.431252696309514341e-04
2.600000000000000000e+01 -7.047950619299758268e-04
2.625000000000000000e+01 -6.684197299133673355e-04
2.650000000000000000e+01 -6.339070513733594111e-04
2.675000000000000000e+01 -6.011375787112695126e-04
2.700000000000000000e+01 -5.701398881547720555e-04
2.725000000000000000e+01 -5.407606526745995261e-04
2.750000000000000000e+01 -5.128558930436595250e-04
2.775000000000000000e+01 -4.864547187519970895e-04
2.800000000000000000e+01 -4.614047104148771557e-04
2.825000000000000000e+01 -4.376563338696962927e-04
2.850000000000000000e+01 -4.151227985698127351e-04
2.875000000000000000e+01 -3.937406717929514081e-04
2.900000000000000000e+01 -3.734672407044710516e-04
2.925000000000000000e+01 -3.541673156187329845e-04
2.950000000000000000e+01 -3.358318347234137387e-04
2.975000000000000000e+01 -3.184576472234417963e-04
3.000000000000000000e+01 -3.019768020552183259e-04
3.025000000000000000e+01 -2.863531009087317159e-04
3.050000000000000000e+01 -2.715320075446283352e-04
3.075000000000000000e+01 -2.574755801564835743e-04
3.100000000000000000e+01 -2.441820371062539564e-04
3.125000000000000000e+01 -2.316096262777116545e-04
3.150000000000000000e+01 -2.196918330852473200e-04
3.175000000000000000e+01 -2.083765383451280232e-04
3.200000000000000000e+01 -1.976323187926658979e-04
3.225000000000000000e+01 -1.875144727880807740e-04
3.250000000000000000e+01 -1.779902388455903818e-04
3.275000000000000000e+01 -1.689983367088718409e-04
3.300000000000000000e+01 -1.604966250542182258e-04
3.325000000000000000e+01 -1.524899910763345353e-04
3.350000000000000000e+01 -1.449210134981429826e-04
3.375000000000000000e+01 -1.378811619105982540e-04
3.400000000000000000e+01 -1.311668611506694069e-04
3.425000000000000000e+01 -1.248179446259190656e-04
3.450000000000000000e+01 -1.187542253928589806e-04
3.475000000000000000e+01 -1.130136303318887730e-04
3.500000000000000000e+01 -1.075819068552663757e-04
3.525000000000000000e+01 -1.023919126895961573e-04
3.550000000000000000e+01 -9.747565880121267722e-05
3.575000000000000000e+01 -9.278768365615419405e-05
3.600000000000000000e+01 -8.831003318526356471e-05
3.625000000000000000e+01 -8.410598849554680489e-05
3.650000000000000000e+01 -8.014047872245391908e-05
3.675000000000000000e+01 -7.638006568702633136e-05
3.700000000000000000e+01 -7.278980207678500481e-05
3.725000000000000000e+01 -6.939427089214667953e-05
3.750000000000000000e+01 -6.612338412708142449e-05
3.775000000000000000e+01 -6.304177502629805725e-05
3.800000000000000000e+01 -6.013860956889943173e-05
3.825000000000000000e+01 -5.731595949098429379e-05
3.850000000000000000e+01 -5.458981282057442626e-05
3.875000000000000000e+01 -5.205384263270879808e-05
3.900000000000000000e+01 -4.957864430488461723e-05
3.925000000000000000e+01 -4.723082050553527349e-05
3.950000000000000000e+01 -4.499286973437409176e-05
3.975000000000000000e+01 -4.286177687202570927e-05
4.000000000000000000e+01 -4.081596280301338995e-05
4.025000000000000000e+01 -3.890649040636384324e-05
4.050000000000000000e+01 -3.702678552373630903e-05
4.075000000000000000e+01 -3.527549664494711556e-05
4.100000000000000000e+01 -3.362913042051017244e-05
4.125000000000000000e+01 -3.216132990783442152e-05
4.150000000000000000e+01 -3.064646305416208951e-05
4.175000000000000000e+01 -2.924334312433074452e-05
4.200000000000000000e+01 -2.798067193103019796e-05
4.225000000000000000e+01 -2.673382300115704124e-05
4.250000000000000000e+01 -2.557258530158161401e-05
4.275000000000000000e+01 -2.451263000629031583e-05
4.300000000000000000e+01 -2.341689189558403359e-05
4.325000000000000000e+01 -2.242387820650643303e-05
4.350000000000000000e+01 -2.147508419844328884e-05
4.375000000000000000e+01 -2.056176506155417004e-05
4.400000000000000000e+01 -1.973782299167053098e-05
4.425000000000000000e+01 -1.896523391033918979e-05
4.450000000000000000e+01 -1.820464217663902775e-05
4.475000000000000000e+01 -1.753458491740755756e-05
4.500000000000000000e+01 -1.688558505525755504e-05
4.525000000000000000e+01 -1.631521825514361182e-05
4.550000000000000000e+01 -1.577685269371929266e-05
4.575000000000000000e+01 -1.525563087670107295e-05
4.600000000000000000e+01 -1.479239188599546459e-05
4.625000000000000000e+01 -1.440625897703786087e-05
4.650000000000000000e+01 -1.399195873980417771e-05
4.675000000000000000e+01 -1.359844602894602548e-05
4.700000000000000000e+01 -1.327418763397842155e-05
4.725000000000000000e+01 -1.293069209244400814e-05
4.750000000000000000e+01 -1.263141832105413362e-05
4.775000000000000000e+01 -1.235760558731991683e-05
4.800000000000000000e+01 -1.207772126257891975e-05
4.825000000000000000e+01 -1.182540722158206848e-05
4.850000000000000000e+01 -1.159939914399976847e-05
4.875000000000000000e+01 -1.139333832916771025e-05
4.900000000000000000e+01 -1.125215640461769821e-05
4.925000000000000000e+01 -1.114032656191153534e-05
4.950000000000000000e+01 -1.106038381902488316e-05
4.975000000000000000e+01 -1.105254349219755631e-05
5.000000000000000000e+01 -1.109550154213863705e-05
5.025000000000000000e+01 -1.118957903620786629e-05
5.050000000000000000e+01 -1.127398959856528240e-05
5.075000000000000000e+01 -1.141206545169603800e-05
5.100000000000000000e+01 -1.156581083288749803e-05
5.125000000000000000e+01 -1.171767466839343798e-05
5.150000000000000000e+01 -1.185546862321773113e-05
5.175000000000000000e+01 -1.205090550611241182e-05
5.200000000000000000e+01 -1.227006235305442586e-05
5.225000000000000000e+01 -1.249533318802826055e-05
5.250000000000000000e+01 -1.271772871135323125e-05
5.275000000000000000e+01 -1.295466369664604923e-05
5.300000000000000000e+01 -1.321535118166390312e-05
5.325000000000000000e+01 -1.348679511360653630e-05
5.350000000000000000e+01 -1.379209607690375981e-05
5.375000000000000000e+01 -1.411132024704448211e-05
5.400000000000000000e+01 -1.448877641172841294e-05
5.425000000000000000e+01 -1.489142119093498742e-05
5.450000000000000000e+01 -1.532505227296382323e-05
5.475000000000000000e+01 -1.580850994655797089e-05
5.500000000000000000e+01 -1.632971216637095892e-05
5.525000000000000000e+01 -1.688529173248970279e-05
5.550000000000000000e+01 -1.748646588748486603e-05
5.575000000000000000e+01 -1.813069959168636753e-05
5.600000000000000000e+01 -1.880446051232458814e-05
5.625000000000000000e+01 -1.955538579262993684e-05
5.650000000000000000e+01 -2.038080070325830638e-05
5.675000000000000000e+01 -2.125259577992346885e-05
5.700000000000000000e+01 -2.215576166949697148e-05
5.725000000000000000e+01 -2.310231172611752439e-05
5.750000000000000000e+01 -2.415536749073225026e-05
5.775000000000000000e+01 -2.525986600707122299e-05
5.800000000000000000e+01 -2.644028243598504495e-05
5.825000000000000000e+01 -2.769113741132243258e-05
5.850000000000000000e+01 -2.901526666682894100e-05
5.875000000000000000e+01 -3.040091067087395983e-05
5.900000000000000000e+01 -3.188641082574137910e-05
5.925000000000000000e+01 -3.347481634210574896e-05
5.950000000000000000e+01 -3.516012072028895137e-05
5.975000000000000000e+01 -3.696396212909821920e-05
6.000000000000000000e+01 -3.878889622437274576e-05
6.025000000000000000e+01 -4.077448662817101345e-05
6.050000000000000000e+01 -4.285421929295003016e-05
6.075000000000000000e+01 -4.504415974119127379e-05
6.100000000000000000e+01 -4.739762008770633455e-05
6.125000000000000000e+01 -4.984112574615897495e-05
6.150000000000000000e+01 -5.246354212664431233e-05
6.175000000000000000e+01 -5.518188236858213668e-05
6.200000000000000000e+01 -5.805447845713232230e-05
6.225000000000000000e+01 -6.107828932871598804e-05
6.250000000000000000e+01 -6.429135064902585903e-05
6.275000000000000000e+01 -6.758979237798986152e-05
6.300000000000000000e+01 -7.105048931164265578e-05
6.325000000000000000e+01 -7.464770417941664642e-05
6.350000000000000000e+01 -7.845585059317309229e-05
6.375000000000000000e+01 -8.247682820435056042e-05
6.400000000000000000e+01 -8.666957455408835407e-05
6.425000000000000000e+01 -9.111137809839893280e-05
6.450000000000000000e+01 -9.581490576065983559e-05
6.475000000000000000e+01 -1.007378940440577751e-04
6.500000000000000000e+01 -1.059605015157068068e-04
6.525000000000000000e+01 -1.114334046512899083e-04
6.550000000000000000e+01 -1.172118898835379649e-04
6.575000000000000000e+01 -1.233070100442271860e-04
6.600000000000000000e+01 -1.297366980051914670e-04
6.625000000000000000e+01 -1.365043797205715750e-04
6.650000000000000000e+01 -1.436312075909380859e-04
6.675000000000000000e+01 -1.511437208450668371e-04
6.700000000000000000e+01 -1.590902260712818625e-04
6.725000000000000000e+01 -1.674335403493716731e-04
6.750000000000000000e+01 -1.762023841503137774e-04
6.775000000000000000e+01 -1.854829794905789200e-04
6.800000000000000000e+01 -1.952516396954247961e-04
6.825000000000000000e+01 -2.055320876312776920e-04
6.850000000000000000e+01 -2.163913511474661617e-04
6.875000000000000000e+01 -2.278753228728962752e-04
6.900000000000000000e+01 -2.399712738154469703e-04
6.925000000000000000e+01 -2.527093720488576465e-04
6.950000000000000000e+01 -2.661304194601638701e-04
6.975000000000000000e+01 -2.802745244014716352e-04
7.000000000000000000e+01 -2.951779675071735352e-04
7.025000000000000000e+01 -3.108639165718343625e-04
7.050000000000000000e+01 -3.273911858617463053e-04
7.075000000000000000e+01 -3.448206364999473346e-04
7.100000000000000000e+01 -3.631920889483555457e-04
7.125000000000000000e+01 -3.825295207322194392e-04
7.150000000000000000e+01 -4.029679584475011670e-04
7.175000000000000000e+01 -4.244248846626604704e-04
7.200000000000000000e+01 -4.471068994333615688e-04
7.225000000000000000e+01 -4.710247230657507288e-04
7.250000000000000000e+01 -4.961598474312792608e-04
7.275000000000000000e+01 -5.226766374086732822e-04
7.300000000000000000e+01 -5.506084735028451797e-04
7.325000000000000000e+01 -5.800463370535718704e-04
7.350000000000000000e+01 -6.111255834820258394e-04
7.375000000000000000e+01 -6.438619911187848290e-04
7.400000000000000000e+01 -6.782487045851186584e-04
7.425000000000000000e+01 -7.146068945772069162e-04
7.450000000000000000e+01 -7.528859585312421302e-04
7.475000000000000000e+01 -7.932104435346463240e-04
7.500000000000000000e+01 -8.356787304754395400e-04
7.525000000000000000e+01 -8.805092698445423499e-04
7.550000000000000000e+01 -9.278625762728234068e-04
7.575000000000000000e+01 -9.777486919355594854e-04
7.600000000000000000e+01 -1.030380950653822384e-03
7.625000000000000000e+01 -1.085934238350023083e-03
7.650000000000000000e+01 -1.144393608093417260e-03
7.675000000000000000e+01 -1.206124228592007344e-03
7.700000000000000000e+01 -1.271217953393562715e-03
7.725000000000000000e+01 -1.339832564766042528e-03
7.750000000000000000e+01 -1.412310901250096859e-03
7.775000000000000000e+01 -1.488786149032231840e-03
7.800000000000000000e+01 -1.569447673746914452e-03
7.825000000000000000e+01 -1.654616127073565458e-03
7.850000000000000000e+01 -1.744378498082177920e-03
7.875000000000000000e+01 -1.839191547830254037e-03
7.900000000000000000e+01 -1.939372523737090343e-03
7.925000000000000000e+01 -2.044931670198966035e-03
7.950000000000000000e+01 -2.156414006756871265e-03
7.975000000000000000e+01 -2.274092771771305845e-03
8.000000000000000000e+01 -2.398219006094109203e-03
8.025000000000000000e+01 -2.529614474667044727e-03
8.050000000000000000e+01 -2.668445099467395450e-03
8.075000000000000000e+01 -2.815032467175142186e-03
8.100000000000000000e+01 -2.970022495587623136e-03
8.125000000000000000e+01 -3.133660271453309401e-03
8.150000000000000000e+01 -3.306594417763154738e-03
8.175000000000000000e+01 -3.489328166984787850e-03
8.200000000000000000e+01 -3.682183599103241306e-03
8.225000000000000000e+01 -3.885997358477989022e-03
8.250000000000000000e+01 -4.101582860163108593e-03
8.275000000000000000e+01 -4.329230745954251378e-03
8.300000000000000000e+01 -4.569774078937457670e-03
8.325000000000000000e+01 -4.823868589765532670e-03
8.350000000000000000e+01 -5.092481525607042529e-03
8.375000000000000000e+01 -5.376489014150476718e-03
8.400000000000000000e+01 -5.676735491421353724e-03
8.425000000000000000e+01 -5.994231778108038977e-03
8.450000000000000000e+01 -6.330097406925479231e-03
8.475000000000000000e+01 -6.685340370699636471e-03
8.500000000000000000e+01 -7.061237188862771498e-03
8.525000000000000000e+01 -7.459118302609611673e-03
8.550000000000000000e+01 -7.880291564177854813e-03
8.575000000000000000e+01 -8.326300696740701612e-03
8.600000000000000000e+01 -8.798784982387080136e-03
8.625000000000000000e+01 -9.299300733881979419e-03
8.650000000000000000e+01 -9.829518701702169223e-03
8.675000000000000000e+01 -1.039150091812082559e-02
8.700000000000000000e+01 -1.098740721555201312e-02
8.725000000000000000e+01 -1.161895681390421459e-02
8.750000000000000000e+01 -1.228880377853570731e-02
8.775000000000000000e+01 -1.299949270369590328e-02
8.800000000000000000e+01 -1.375388220999655513e-02
8.825000000000000000e+01 -1.455476632350177942e-02
8.850000000000000000e+01 -1.540535300763531783e-02
8.875000000000000000e+01 -1.630871597394306302e-02
8.900000000000000000e+01 -1.726868449211813386e-02
8.925000000000000000e+01 -1.828915183834995892e-02
8.950000000000000000e+01 -1.937433483298851844e-02
8.975000000000000000e+01 -2.052876521695126341e-02
9.000000000000000000e+01 -2.175748761294892322e-02
9.025000000000000000e+01 -2.306599122694687892e-02
9.050000000000000000e+01 -2.445993427790432023e-02
9.075000000000000000e+01 -2.594607615453553215e-02
9.100000000000000000e+01 -2.753069353985987747e-02
9.125000000000000000e+01 -2.922158772680301386e-02
9.150000000000000000e+01 -3.102708953063744793e-02
9.175000000000000000e+01 -3.295648356844654153e-02
9.200000000000000000e+01 -3.501962386441083430e-02
9.225000000000000000e+01 -3.722790968156348274e-02
9.250000000000000000e+01 -3.959339708864462876e-02
9.275000000000000000e+01 -4.212954776161406678e-02
9.300000000000000000e+01 -4.485106203276496145e-02
9.325000000000000000e+01 -4.777490773363182036e-02
9.350000000000000000e+01 -5.091979662306008597e-02
9.375000000000000000e+01 -5.430654551314623157e-02
9.400000000000000000e+01 -5.795849399900751542e-02
9.425000000000000000e+01 -6.190250963117507887e-02
9.450000000000000000e+01 -6.616949027480381607e-02
9.475000000000000000e+01 -7.079325673081388048e-02
9.500000000000000000e+01 -7.581317082748108283e-02
9.525000000000000000e+01 -8.127501557097778495e-02
9.550000000000000000e+01 -8.723116506986654251e-02
9.575000000000000000e+01 -9.374108859493547607e-02
9.600000000000000000e+01 -1.008765155493253907e-01
9.625000000000000000e+01 -1.087211998139548524e-01
9.650000000000000000e+01 -1.173742490735066590e-01
9.675000000000000000e+01 -1.269537045295362487e-01
9.700000000000000000e+01 -1.376009728141490696e-01
9.725000000000000000e+01 -1.494873360048191713e-01
9.750000000000000000e+01 -1.628212351629058641e-01
9.775000000000000000e+01 -1.778563451071469292e-01
9.800000000000000000e+01 -1.949107877080988593e-01
9.825000000000000000e+01 -2.143791702078564898e-01
9.850000000000000000e+01 -2.367572352279385117e-01
9.875000000000000000e+01 -2.626734100249836779e-01
9.900000000000000000e+01 -2.929309697850913108e-01
9.925000000000000000e+01 -3.285646902016596260e-01
9.950000000000000000e+01 -3.709194861369271012e-01
9.975000000000000000e+01 -4.217584856296718865e-01
1.000000000000000000e+02 -4.834137891190989356e-01
