0.000000000000000000e+00 0.000000000000000000e+00
5.000000000000000278e-02 -2.082487130465676009e-05
1.000000000000000056e-01 -1.663960249211332966e-04
1.499999999999999944e-01 -5.604466245940576069e-04
2.000000000000000111e-01 -1.324691093595243337e-03
2.500000000000000000e-01 -2.577834431518935369e-03
2.999999999999999889e-01 -4.434603802881380806e-03
3.499999999999999778e-01 -7.004809568359815670e-03
4.000000000000000222e-01 -1.039244271482148152e-02
4.500000000000000111e-01 -1.469481537500524557e-02
5.000000000000000000e-01 -2.000175081351596509e-02
5.500000000000000444e-01 -2.639482889527122733e-02
5.999999999999999778e-01 -3.394669264776244144e-02
6.500000000000000222e-01 -4.272042108313187092e-02
6.999999999999999556e-01 -5.276897296287232780e-02
7.500000000000000000e-01 -6.413470567020497504e-02
8.000000000000000444e-01 -7.684897280732974623e-02
8.499999999999999778e-01 -9.093180356042961099e-02
9.000000000000000222e-01 -1.063916662783621625e-01
9.499999999999999556e-01 -1.232253180959346495e-01
1.000000000000000000e+00 -1.414177418047535273e-01
1.050000000000000044e+00 -1.609421705370449318e-01
1.100000000000000089e+00 -1.817602001859252858e-01
1.149999999999999911e+00 -2.038219888449385175e-01
1.199999999999999956e+00 -2.270665419123371886e-01
1.250000000000000000e+00 -2.514220808793037332e-01
1.300000000000000044e+00 -2.768064932087201391e-01
1.350000000000000089e+00 -3.031278601166120801e-01
1.399999999999999911e+00 -3.302850584970733472e-01
1.449999999999999956e+00 -3.581684326883466940e-01
1.500000000000000000e+00 -3.866605312629383673e-01
1.550000000000000044e+00 -4.156369035482932461e-01
1.600000000000000089e+00 -4.449669501426389839e-01
1.649999999999999911e+00 -4.745148212931133980e-01
1.699999999999999956e+00 -5.041403566485537224e-01
1.750000000000000000e+00 -5.337000595921170820e-01
1.800000000000000044e+00 -5.630480991004161995e-01
1.850000000000000089e+00 -5.920373318696360299e-01
1.899999999999999911e+00 -6.205203372933647543e-01
1.949999999999999956e+00 -6.483504577775386357e-01
2.000000000000000000e+00 -6.753828368304266583e-01
2.049999999999999822e+00 -7.014754473757921494e-01
2.100000000000000089e+00 -7.264901027990177118e-01
2.149999999999999911e+00 -7.502934433556810445e-01
2.200000000000000178e+00 -7.727578907425984855e-01
2.250000000000000000e+00 -7.937625638547158857e-01
2.299999999999999822e+00 -8.131941490279569473e-01
2.350000000000000089e+00 -8.309477183882569840e-01
2.399999999999999911e+00 -8.469274903004665456e-01
2.450000000000000178e+00 -8.610475263210463082e-01
2.500000000000000000e+00 -8.732323595165708552e-01
2.549999999999999822e+00 -8.834175494983380617e-01
2.600000000000000089e+00 -8.915501600535554738e-01
2.649999999999999911e+00 -8.975891558064100773e-01
2.700000000000000178e+00 -9.015057149268198566e-01
2.750000000000000000e+00 -9.032834555106435959e-01
2.799999999999999822e+00 -9.029185738733679356e-01
2.850000000000000089e+00 -9.004198936398557507e-01
2.899999999999999911e+00 -8.958088251523717016e-01
2.950000000000000178e+00 -8.891192353709967966e-01
3.000000000000000000e+00 -8.803972290846370230e-01
3.049999999999999822e+00 -8.697008428953362236e-01
3.100000000000000089e+00 -8.570996540684566734e-01
3.149999999999999911e+00 -8.426743069596630553e-01
3.200000000000000178e+00 -8.265159603272052014e-01
3.250000000000000000e+00 -8.087256594132480325e-01
3.299999999999999822e+00 -7.894136372233440113e-01
3.350000000000000089e+00 -7.686985499514461528e-01
3.399999999999999911e+00 -7.467066519745261255e-01
3.450000000000000178e+00 -7.235709162852355103e-01
3.500000000000000000e+00 -6.994301066284038804e-01
3.549999999999999822e+00 -6.744278079619264732e-01
3.600000000000000089e+00 -6.487114221703484951e-01
3.649999999999999911e+00 -6.224311362150090066e-01
3.700000000000000178e+00 -5.957388701114829654e-01
3.750000000000000000e+00 -5.687872122763413252e-01
3.799999999999999822e+00 -5.417283498838747491e-01
3.850000000000000089e+00 -5.147130019158455694e-01
3.899999999999999911e+00 -4.878893625760769570e-01
3.950000000000000178e+00 -4.614020626718551288e-01
4.000000000000000000e+00 -4.353911564442534132e-01
4.049999999999999822e+00 -4.099911411510681059e-01
4.099999999999999645e+00 -3.853300164767059499e-01
4.150000000000000355e+00 -3.615283905644560147e-01
4.200000000000000178e+00 -3.386986391355167325e-01
4.250000000000000000e+00 -3.169441237827897995e-01
4.299999999999999822e+00 -2.963584751081717039e-01
4.349999999999999645e+00 -2.770249459089451083e-01
4.400000000000000355e+00 -2.590158391203739585e-01
4.450000000000000178e+00 -2.423920146873380921e-01
4.500000000000000000e+00 -2.272024789744559736e-01
4.549999999999999822e+00 -2.134840597328404310e-01
4.599999999999999645e+00 -2.012611690292414046e-01
4.650000000000000355e+00 -1.905456559138074546e-01
4.700000000000000178e+00 -1.813367499578114606e-01
4.750000000000000000e+00 -1.736210961415530496e-01
4.799999999999999822e+00 -1.673728809161675046e-01
4.849999999999999645e+00 -1.625540486082270586e-01
4.900000000000000355e+00 -1.591146066855277097e-01
4.950000000000000178e+00 -1.569930177642687719e-01
5.000000000000000000e+00 -1.561166756120781207e-01
5.049999999999999822e+00 -1.564024617963589991e-01
5.099999999999999645e+00 -1.577573790460591874e-01
5.150000000000000355e+00 -1.600792568410168981e-01
5.200000000000000178e+00 -1.632575242206570076e-01
5.250000000000000000e+00 -1.671740443185430192e-01
5.299999999999999822e+00 -1.717040046811421916e-01
5.349999999999999645e+00 -1.767168570251488047e-01
5.400000000000000355e+00 -1.820772997278051197e-01
5.450000000000000178e+00 -1.876462960334435992e-01
5.500000000000000000e+00 -1.932821206980293582e-01
5.549999999999999822e+00 -1.988414275840934275e-01
5.599999999999999645e+00 -2.041803305629678322e-01
5.650000000000000355e+00 -2.091554899801844614e-01
5.700000000000000178e+00 -2.136251968944930524e-01
5.750000000000000000e+00 -2.174504473112893743e-01
5.799999999999999822e+00 -2.204959986976328945e-01
5.849999999999999645e+00 -2.226314011872535248e-01
5.900000000000000355e+00 -2.237319960602303648e-01
5.950000000000000178e+00 -2.236798743112765608e-01
6.000000000000000000e+00 -2.223647884010311881e-01
6.049999999999999822e+00 -2.196850106160917748e-01
6.099999999999999645e+00 -2.155481318403067170e-01
6.150000000000000355e+00 -2.098717949629602397e-01
6.200000000000000178e+00 -2.025843576131764190e-01
6.250000000000000000e+00 -1.936254794117480971e-01
6.299999999999999822e+00 -1.829466294689277017e-01
6.349999999999999645e+00 -1.705115104238503487e-01
6.400000000000000355e+00 -1.562963959162811112e-01
6.450000000000000178e+00 -1.402903789972936299e-01
6.500000000000000000e+00 -1.224955296219285561e-01
6.549999999999999822e+00 -1.029269600136970692e-01
6.599999999999999645e+00 -8.161279734981742584e-02
6.650000000000000355e+00 -5.859406387648249254e-02
6.700000000000000178e+00 -3.392446522512285179e-02
6.750000000000000000e+00 -7.670088356170479647e-03
6.799999999999999822e+00 2.009098879753896255e-02
6.849999999999999645e+00 4.926917328422299874e-02
6.900000000000000355e+00 7.976391536858799813e-02
6.950000000000000178e+00 1.114643451452051737e-01
7.000000000000000000e+00 1.442499830660577687e-01
7.049999999999999822e+00 1.779915193891294378e-01
7.099999999999999645e+00 2.125516570618235512e-01
7.150000000000000355e+00 2.477860120992246284e-01
7.200000000000000178e+00 2.835440651052488215e-01
7.250000000000000000e+00 3.196701572183627826e-01
7.299999999999999822e+00 3.560045234460536556e-01
7.349999999999999645e+00 3.923843560826192345e-01
7.400000000000000355e+00 4.286448906908692513e-01
7.450000000000000178e+00 4.646205069645474306e-01
7.500000000000000000e+00 5.001458366825526358e-01
7.549999999999999822e+00 5.350568709134267964e-01
7.599999999999999645e+00 5.691920586336005616e-01
7.650000000000000355e+00 6.023933889839040434e-01
7.700000000000000178e+00 6.345074495040637919e-01
7.750000000000000000e+00 6.653864528572848158e-01
7.799999999999999822e+00 6.948892247795002142e-01
7.849999999999999645e+00 7.228821462674450693e-01
7.900000000000000355e+00 7.492400433419538208e-01
7.950000000000000178e+00 7.738470181014982519e-01
8.000000000000000000e+00 7.965972151960486469e-01
8.050000000000000711e+00 8.173955183149950177e-01
8.099999999999999645e+00 8.361581717804588143e-01
8.150000000000000355e+00 8.528133228737054816e-01
8.199999999999999289e+00 8.673014810863030055e-01
8.250000000000000000e+00 8.795758910826925181e-01
8.300000000000000711e+00 8.896028167745356763e-01
8.349999999999999645e+00 8.973617345430514591e-01
8.400000000000000355e+00 9.028454342940307464e-01
8.449999999999999289e+00 9.060600276863853830e-01
8.500000000000000000e+00 9.070248635380904201e-01
8.550000000000000711e+00 9.057723510761962471e-01
8.599999999999999645e+00 9.023476923532326444e-01
8.650000000000000355e+00 8.968085258002256310e-01
8.699999999999999289e+00 8.892244835203589881e-01
8.750000000000000000e+00 8.796766655413335023e-01
8.800000000000000711e+00 8.682570348348322975e-01
8.849999999999999645e+00 8.550677374770706551e-01
8.900000000000000355e+00 8.402203528545451050e-01
8.949999999999999289e+00 8.238350793178262910e-01
9.000000000000000000e+00 8.060398611433170490e-01
9.050000000000000711e+00 7.869694630794471513e-01
9.099999999999999645e+00 7.667644991241032715e-01
9.150000000000000355e+00 7.455704225041477340e-01
9.199999999999999289e+00 7.235364840997492442e-01
9.250000000000000000e+00 7.008146667785898343e-01
9.300000000000000711e+00 6.775586032719513874e-01
9.349999999999999645e+00 6.539224853364526968e-01
9.400000000000000355e+00 6.300599720051840436e-01
9.449999999999999289e+00 6.061231047295430052e-01
9.500000000000000000e+00 5.822612371611689541e-01
9.550000000000000711e+00 5.586199872124755217e-01
9.599999999999999645e+00 5.353402188677506279e-01
9.650000000000000355e+00 5.125570610005882877e-01
9.699999999999999289e+00 4.903989701816220403e-01
9.750000000000000000e+00 4.689868441394002829e-01
9.800000000000000711e+00 4.484331921712997326e-01
9.849999999999999645e+00 4.288413683857772996e-01
9.900000000000000355e+00 4.103048732032044676e-01
9.949999999999999289e+00 3.929067280496247316e-01
1.000000000000000000e+01 3.767189276460277125e-01
