0.000000000000000000e+00 -9.984326359107981164e-01
5.000000000000000278e-02 -9.943996869182837317e-01
1.000000000000000056e-01 -9.879244224786958295e-01
1.500000000000000222e-01 -9.790434902057176814e-01
2.000000000000000111e-01 -9.678071828148654410e-01
2.500000000000000000e-01 -9.542791754162204265e-01
3.000000000000000444e-01 -9.385351691580876565e-01
3.500000000000000333e-01 -9.206629453717132261e-01
4.000000000000000222e-01 -9.007627076605279060e-01
4.500000000000000111e-01 -8.789444609843509726e-01
5.000000000000000000e-01 -8.553272526403553622e-01
5.500000000000000444e-01 -8.300424237523006399e-01
6.000000000000000888e-01 -8.032283483657951528e-01
6.500000000000000222e-01 -7.750272616513079749e-01
7.000000000000000666e-01 -7.455924086276072282e-01
7.500000000000000000e-01 -7.150831387158571584e-01
8.000000000000000444e-01 -6.836669437052071974e-01
8.500000000000000888e-01 -6.515051784272433144e-01
9.000000000000000222e-01 -6.187642559188890612e-01
9.500000000000000666e-01 -5.856030652365785683e-01
1.000000000000000000e+00 -5.521903808374933886e-01
1.050000000000000044e+00 -5.186964769983209989e-01
1.100000000000000089e+00 -4.852819741746774995e-01
1.150000000000000133e+00 -4.521082108369847141e-01
1.200000000000000178e+00 -4.193381169661511976e-01
1.250000000000000000e+00 -3.871224056821392923e-01
1.300000000000000044e+00 -3.556010292279658258e-01
1.350000000000000089e+00 -3.249133756562908038e-01
1.400000000000000133e+00 -2.951874286046825557e-01
1.450000000000000178e+00 -2.665446622956573197e-01
1.500000000000000000e+00 -2.390956197587831844e-01
1.550000000000000044e+00 -2.129463614412480943e-01
1.600000000000000089e+00 -1.881839059363948075e-01
1.650000000000000133e+00 -1.648795563592374003e-01
1.700000000000000178e+00 -1.431064318482359043e-01
1.750000000000000000e+00 -1.229147314774745592e-01
1.800000000000000044e+00 -1.043399780976909247e-01
1.850000000000000089e+00 -8.741024509800568443e-02
1.900000000000000133e+00 -7.214115450998724588e-02
1.950000000000000178e+00 -5.853352901053788387e-02
2.000000000000000000e+00 -4.658374680278656171e-02
2.050000000000000266e+00 -3.626378915397483055e-02
2.100000000000000089e+00 -2.753811176070033659e-02
2.149999999999999911e+00 -2.035598811222759374e-02
2.200000000000000178e+00 -1.465716691438439384e-02
2.250000000000000000e+00 -1.037133580098156468e-02
2.300000000000000266e+00 -7.416264403082792507e-03
2.350000000000000089e+00 -5.700482862453290847e-03
2.400000000000000355e+00 -5.121038412090560960e-03
2.450000000000000178e+00 -5.570450310983333930e-03
2.500000000000000000e+00 -6.930142864253286371e-03
2.550000000000000266e+00 -9.078551941660602601e-03
2.600000000000000089e+00 -1.188811783312303076e-02
2.650000000000000355e+00 -1.522575891663811333e-02
2.700000000000000178e+00 -1.895278926376632936e-02
2.750000000000000000e+00 -2.293342284323495947e-02
2.800000000000000266e+00 -2.702849360526383277e-02
2.850000000000000089e+00 -3.109781828414948796e-02
2.900000000000000355e+00 -3.500227442037408959e-02
2.950000000000000178e+00 -3.860480283550050962e-02
3.000000000000000000e+00 -4.177094567898628069e-02
3.050000000000000266e+00 -4.437092228386751991e-02
3.100000000000000089e+00 -4.627942168585446464e-02
3.150000000000000355e+00 -4.737697482079060440e-02
3.200000000000000178e+00 -4.755004218241629110e-02
3.250000000000000000e+00 -4.669385016967441543e-02
3.300000000000000266e+00 -4.471012652803516702e-02
3.350000000000000089e+00 -4.150985509130360185e-02
3.400000000000000355e+00 -3.701455101569503525e-02
3.450000000000000178e+00 -3.115611629561667456e-02
3.500000000000000000e+00 -2.387798377767966218e-02
3.550000000000000266e+00 -1.513355142706862382e-02
3.600000000000000089e+00 -4.887933689123464577e-03
3.650000000000000355e+00 6.882024043287151248e-03
3.700000000000000178e+00 2.018657526405862393e-02
3.750000000000000000e+00 3.502442601497144509e-02
3.800000000000000266e+00 5.138179774597531613e-02
3.850000000000000089e+00 6.923257585459151320e-02
3.900000000000000355e+00 8.853742341289690121e-02
3.950000000000000178e+00 1.092473436568330430e-01
4.000000000000000000e+00 1.313012000336410134e-01
4.049999999999999822e+00 1.546260809960160465e-01
4.100000000000000533e+00 1.791397526507917948e-01
4.150000000000000355e+00 2.047514307532378175e-01
4.200000000000000178e+00 2.313578333628748818e-01
4.250000000000000000e+00 2.588490319020100294e-01
4.299999999999999822e+00 2.871067578984791147e-01
4.350000000000000533e+00 3.160055199515267588e-01
4.400000000000000355e+00 3.454142520054468979e-01
4.450000000000000178e+00 3.751964380611425010e-01
4.500000000000000000e+00 4.052111502767789530e-01
4.549999999999999822e+00 4.353146602505007512e-01
4.600000000000000533e+00 4.653616993917580880e-01
4.650000000000000355e+00 4.952054660419149545e-01
4.700000000000000178e+00 5.246993211499431098e-01
4.750000000000000000e+00 5.536964574828231456e-01
4.800000000000000711e+00 5.820534722662406013e-01
4.850000000000000533e+00 6.096294807352594658e-01
4.900000000000000355e+00 6.362885588050125607e-01
4.950000000000000178e+00 6.618981578966223189e-01
5.000000000000000000e+00 6.863296383576856785e-01
5.050000000000000711e+00 7.094656774930602205e-01
5.100000000000000533e+00 7.311955035903416888e-01
5.150000000000000355e+00 7.514167409709709977e-01
5.200000000000000178e+00 7.700335582272427315e-01
5.250000000000000000e+00 7.869618006313896519e-01
5.300000000000000711e+00 8.021265349211660345e-01
5.350000000000000533e+00 8.154625472807671693e-01
5.400000000000000355e+00 8.269190673673197933e-01
5.450000000000000178e+00 8.364567952179489119e-01
5.500000000000000000e+00 8.440458716925312022e-01
5.550000000000000711e+00 8.496677812220206905e-01
5.600000000000000533e+00 8.533173692959171719e-01
5.650000000000000355e+00 8.550009071911462977e-01
5.700000000000000178e+00 8.547368838016093928e-01
5.750000000000000000e+00 8.525552925001068649e-01
5.800000000000000711e+00 8.484974231133600719e-01
5.850000000000000533e+00 8.426164076984979934e-01
5.900000000000000355e+00 8.349752818814508704e-01
5.950000000000000178e+00 8.256477471419504388e-01
6.000000000000000000e+00 8.147166897678252973e-01
6.050000000000000711e+00 8.022752399753703134e-01
6.100000000000000533e+00 7.884236530368287088e-01
6.150000000000000355e+00 7.732722584141032973e-01
6.200000000000000178e+00 7.569289302376450701e-01
6.250000000000000000e+00 7.395138608351276011e-01
6.300000000000000711e+00 7.211522010508499836e-01
6.350000000000000533e+00 7.019728202618182866e-01
6.400000000000000355e+00 6.821077084123712275e-01
6.450000000000000178e+00 6.616909568758798654e-01
6.500000000000000000e+00 6.408581665321262388e-01
6.550000000000000711e+00 6.197437441813153924e-01
6.600000000000000533e+00 5.984815865047029559e-01
6.650000000000000355e+00 5.772036574682339882e-01
6.700000000000000178e+00 5.560388707148797849e-01
6.750000000000000000e+00 5.351113771594413482e-01
6.800000000000000711e+00 5.145423401318174328e-01
6.850000000000000533e+00 4.944461744880719323e-01
6.900000000000000355e+00 4.749307098889248846e-01
6.950000000000000178e+00 4.560966507512005941e-01
7.000000000000000000e+00 4.380364223394286327e-01
7.050000000000000711e+00 4.208331997696078131e-01
7.100000000000000533e+00 4.045733888355010355e-01
7.150000000000000355e+00 3.893211551252591107e-01
7.200000000000000178e+00 3.751229356012656946e-01
7.250000000000000000e+00 3.620184528458352813e-01
7.300000000000000711e+00 3.500402300319547244e-01
7.350000000000000533e+00 3.392082590566137257e-01
7.400000000000000355e+00 3.295332495091831126e-01
7.450000000000000178e+00 3.210136947302262844e-01
7.500000000000000000e+00 3.136364848743225520e-01
7.550000000000000711e+00 3.073764674236922345e-01
7.600000000000000533e+00 3.021989187058110038e-01
7.650000000000000355e+00 2.980575012510233712e-01
7.700000000000000178e+00 2.948977084218371014e-01
7.750000000000000000e+00 2.926529327111882517e-01
7.800000000000000711e+00 2.912488719361036038e-01
7.850000000000000533e+00 2.906031187518922088e-01
7.900000000000000355e+00 2.906233027232841271e-01
7.950000000000000178e+00 2.912120702804084638e-01
8.000000000000000000e+00 2.922657931737516201e-01
8.050000000000000711e+00 2.936731235607227264e-01
8.099999999999999645e+00 2.953202436442403656e-01
8.150000000000000355e+00 2.970878219595244896e-01
8.200000000000001066e+00 2.988548054981209900e-01
8.250000000000000000e+00 3.004965080400677779e-01
8.300000000000000711e+00 3.018893814865060143e-01
8.349999999999999645e+00 3.029099377966223972e-01
8.400000000000000355e+00 3.034344981828629439e-01
8.450000000000001066e+00 3.033422980645759659e-01
8.500000000000000000e+00 3.025162473871448321e-01
8.550000000000000711e+00 3.008418632906761925e-01
8.599999999999999645e+00 2.982109424855676760e-01
8.650000000000000355e+00 2.945201701057665877e-01
8.700000000000001066e+00 2.896737268613456817e-01
8.750000000000000000e+00 2.835828902751708624e-01
8.800000000000000711e+00 2.761674554965447559e-01
8.849999999999999645e+00 2.673562620462911488e-01
8.900000000000000355e+00 2.570880871373686372e-01
8.950000000000001066e+00 2.453114565671130620e-01
9.000000000000000000e+00 2.319863201412852294e-01
9.050000000000000711e+00 2.170822898408962809e-01
9.099999999999999645e+00 2.005817604801136966e-01
9.150000000000000355e+00 1.824780256797784439e-01
9.200000000000001066e+00 1.627765165614520060e-01
9.250000000000000000e+00 1.414942673285286001e-01
9.300000000000000711e+00 1.186599734732825401e-01
9.349999999999999645e+00 9.431410101110361544e-02
9.400000000000000355e+00 6.850922143720561408e-02
9.450000000000001066e+00 4.130878047473250658e-02
9.500000000000000000e+00 1.278717633890960430e-02
9.550000000000000711e+00 -1.697067232046704441e-02
9.600000000000001421e+00 -4.786989677971415641e-02
9.650000000000000355e+00 -7.980604917803491016e-02
9.700000000000001066e+00 -1.126660180892842394e-01
9.750000000000000000e+00 -1.463285768105070106e-01
9.800000000000000711e+00 -1.806653455712883827e-01
9.850000000000001421e+00 -2.155414374603657479e-01
9.900000000000000355e+00 -2.508164544518950434e-01
9.950000000000001066e+00 -2.863453987984177496e-01
