0.000000000000000000e+00 -2.388443683435405307e-01
5.000000000000000278e-02 -2.385766268973137649e-01
1.000000000000000056e-01 -2.378122923166558766e-01
1.499999999999999944e-01 -2.366057922806989455e-01
2.000000000000000111e-01 -2.350066973809761262e-01
2.500000000000000000e-01 -2.330601309112829700e-01
2.999999999999999889e-01 -2.308071447004602372e-01
3.499999999999999778e-01 -2.282850637813631511e-01
4.000000000000000222e-01 -2.255278024603259712e-01
4.500000000000000111e-01 -2.225661541411491084e-01
5.000000000000000000e-01 -2.194280570645885109e-01
5.500000000000000444e-01 -2.161388379470973453e-01
5.999999999999999778e-01 -2.127214353397802737e-01
6.500000000000000222e-01 -2.091966043791411156e-01
6.999999999999999556e-01 -2.055831044639930272e-01
7.500000000000000000e-01 -2.018978712669411146e-01
8.000000000000000444e-01 -1.981561743732201397e-01
8.499999999999999778e-01 -1.943717617334714542e-01
9.000000000000000222e-01 -1.905569920196048539e-01
9.499999999999999556e-01 -1.867229558833627123e-01
1.000000000000000000e+00 -1.828795870350785335e-01
1.050000000000000044e+00 -1.790357639846703874e-01
1.100000000000000089e+00 -1.751994032176936167e-01
1.149999999999999911e+00 -1.713775445156831279e-01
1.199999999999999956e+00 -1.675764290716851013e-01
1.250000000000000000e+00 -1.638015709982822143e-01
1.300000000000000044e+00 -1.600578227762732009e-01
1.350000000000000089e+00 -1.563494351469812693e-01
1.399999999999999911e+00 -1.526801119097754844e-01
1.449999999999999956e+00 -1.490530600483053747e-01
1.500000000000000000e+00 -1.454710355740687078e-01
1.550000000000000044e+00 -1.419363854438585315e-01
1.600000000000000089e+00 -1.384510858782310450e-01
1.649999999999999911e+00 -1.350167773811188354e-01
1.699999999999999956e+00 -1.316347967359572657e-01
1.750000000000000000e+00 -1.283062062309018869e-01
1.800000000000000044e+00 -1.250318203448836096e-01
1.850000000000000089e+00 -1.218122301070455049e-01
1.899999999999999911e+00 -1.186478253245470543e-01
1.949999999999999956e+00 -1.155388148575653695e-01
2.000000000000000000e+00 -1.124852451055173841e-01
2.049999999999999822e+00 -1.094870168549343659e-01
2.100000000000000089e+00 -1.065439006269386230e-01
2.149999999999999911e+00 -1.036555506508368557e-01
2.200000000000000178e+00 -1.008215175798262836e-01
2.250000000000000000e+00 -9.804126005518382092e-02
2.299999999999999822e+00 -9.531415521645246469e-02
2.350000000000000089e+00 -9.263950824703372222e-02
2.399999999999999911e+00 -9.001656103714078538e-02
2.450000000000000178e+00 -8.744450003924045256e-02
2.500000000000000000e+00 -8.492246338484120416e-02
2.549999999999999822e+00 -8.244954732573568645e-02
2.600000000000000089e+00 -8.002481205753349258e-02
2.649999999999999911e+00 -7.764728697846910721e-02
2.700000000000000178e+00 -7.531597543204901490e-02
2.750000000000000000e+00 -7.302985897801300696e-02
2.799999999999999822e+00 -7.078790123235839671e-02
2.850000000000000089e+00 -6.858905131374744280e-02
2.899999999999999911e+00 -6.643224693047758422e-02
2.950000000000000178e+00 -6.431641713930989768e-02
3.000000000000000000e+00 -6.224048480481107065e-02
3.049999999999999822e+00 -6.020336878543963016e-02
3.100000000000000089e+00 -5.820398587038488891e-02
3.149999999999999911e+00 -5.624125248913101893e-02
3.200000000000000178e+00 -5.431408621384922059e-02
3.250000000000000000e+00 -5.242140707300833868e-02
3.299999999999999822e+00 -5.056213869302686459e-02
3.350000000000000089e+00 -4.873520928334781899e-02
3.399999999999999911e+00 -4.693955247900034183e-02
3.450000000000000178e+00 -4.517410805350340758e-02
3.500000000000000000e+00 -4.343782251386023308e-02
3.549999999999999822e+00 -4.172964958837594579e-02
3.600000000000000089e+00 -4.004855061710330122e-02
3.649999999999999911e+00 -3.839349485387025251e-02
3.700000000000000178e+00 -3.676345968806036396e-02
3.750000000000000000e+00 -3.515743079361055567e-02
3.799999999999999822e+00 -3.357440221202884906e-02
3.850000000000000089e+00 -3.201337637564460881e-02
3.899999999999999911e+00 -3.047336407675287073e-02
3.950000000000000178e+00 -2.895338438781513285e-02
4.000000000000000000e+00 -2.745246453742499620e-02
4.049999999999999822e+00 -2.596963974632541042e-02
4.099999999999999645e+00 -2.450395302738648043e-02
4.150000000000000355e+00 -2.305445495310433010e-02
4.200000000000000178e+00 -2.162020339386441087e-02
4.250000000000000000e+00 -2.020026322992476975e-02
4.299999999999999822e+00 -1.879370603981215040e-02
4.349999999999999645e+00 -1.739960976758580732e-02
4.400000000000000355e+00 -1.601705837120781170e-02
4.450000000000000178e+00 -1.464514145406376269e-02
4.500000000000000000e+00 -1.328295388150039190e-02
4.549999999999999822e+00 -1.192959538409021393e-02
4.599999999999999645e+00 -1.058417014918925161e-02
4.650000000000000355e+00 -9.245786402228527157e-03
4.700000000000000178e+00 -7.913555979067872850e-03
4.750000000000000000e+00 -6.586593890641039180e-03
4.799999999999999822e+00 -5.264017881037318797e-03
4.849999999999999645e+00 -3.944947980088853688e-03
4.900000000000000355e+00 -2.628506051472571069e-03
4.950000000000000178e+00 -1.313815337284111309e-03
5.000000000000000000e+00 1.112746593441787911e-17
5.049999999999999822e+00 1.313815337284146871e-03
5.099999999999999645e+00 2.628506051472604028e-03
5.150000000000000355e+00 3.944947980088865831e-03
5.200000000000000178e+00 5.264017881037340481e-03
5.250000000000000000e+00 6.586593890641062599e-03
5.299999999999999822e+00 7.913555979067867646e-03
5.349999999999999645e+00 9.245786402228586137e-03
5.400000000000000355e+00 1.058417014918927763e-02
5.450000000000000178e+00 1.192959538409026944e-02
5.500000000000000000e+00 1.328295388150042312e-02
5.549999999999999822e+00 1.464514145406379392e-02
5.599999999999999645e+00 1.601705837120783252e-02
5.650000000000000355e+00 1.739960976758581079e-02
5.700000000000000178e+00 1.879370603981210877e-02
5.750000000000000000e+00 2.020026322992481138e-02
5.799999999999999822e+00 2.162020339386445250e-02
5.849999999999999645e+00 2.305445495310435092e-02
5.900000000000000355e+00 2.450395302738653594e-02
5.950000000000000178e+00 2.596963974632547981e-02
6.000000000000000000e+00 2.745246453742502743e-02
6.049999999999999822e+00 2.895338438781517795e-02
6.099999999999999645e+00 3.047336407675290196e-02
6.150000000000000355e+00 3.201337637564467126e-02
6.200000000000000178e+00 3.357440221202887681e-02
6.250000000000000000e+00 3.515743079361054874e-02
6.299999999999999822e+00 3.676345968806040559e-02
6.349999999999999645e+00 3.839349485387024558e-02
6.400000000000000355e+00 4.004855061710346775e-02
6.450000000000000178e+00 4.172964958837597355e-02
6.500000000000000000e+00 4.343782251386022614e-02
6.549999999999999822e+00 4.517410805350344921e-02
6.599999999999999645e+00 4.693955247900030714e-02
6.650000000000000355e+00 4.873520928334795083e-02
6.700000000000000178e+00 5.056213869302690622e-02
6.750000000000000000e+00 5.242140707300843583e-02
6.799999999999999822e+00 5.431408621384931079e-02
6.849999999999999645e+00 5.624125248913116465e-02
6.900000000000000355e+00 5.820398587038493055e-02
6.950000000000000178e+00 6.020336878543963016e-02
7.000000000000000000e+00 6.224048480481120249e-02
7.049999999999999822e+00 6.431641713931010584e-02
7.099999999999999645e+00 6.643224693047761198e-02
7.150000000000000355e+00 6.858905131374752606e-02
7.200000000000000178e+00 7.078790123235843834e-02
7.250000000000000000e+00 7.302985897801309023e-02
7.299999999999999822e+00 7.531597543204912593e-02
7.349999999999999645e+00 7.764728697846898231e-02
7.400000000000000355e+00 8.002481205753365912e-02
7.450000000000000178e+00 8.244954732573579748e-02
7.500000000000000000e+00 8.492246338484117640e-02
7.549999999999999822e+00 8.744450003924042480e-02
7.599999999999999645e+00 9.001656103714077151e-02
7.650000000000000355e+00 9.263950824703383324e-02
7.700000000000000178e+00 9.531415521645253408e-02
7.750000000000000000e+00 9.804126005518393194e-02
7.799999999999999822e+00 1.008215175798264224e-01
7.849999999999999645e+00 1.036555506508368141e-01
7.900000000000000355e+00 1.065439006269388866e-01
7.950000000000000178e+00 1.094870168549343520e-01
8.000000000000000000e+00 1.124852451055174535e-01
8.050000000000000711e+00 1.155388148575653140e-01
8.099999999999999645e+00 1.186478253245471792e-01
8.150000000000000355e+00 1.218122301070457131e-01
8.199999999999999289e+00 1.250318203448835541e-01
8.250000000000000000e+00 1.283062062309020812e-01
8.300000000000000711e+00 1.316347967359575710e-01
8.349999999999999645e+00 1.350167773811191407e-01
8.400000000000000355e+00 1.384510858782309617e-01
8.449999999999999289e+00 1.419363854438584760e-01
8.500000000000000000e+00 1.454710355740685968e-01
8.550000000000000711e+00 1.490530600483054302e-01
8.599999999999999645e+00 1.526801119097753734e-01
8.650000000000000355e+00 1.563494351469814914e-01
8.699999999999999289e+00 1.600578227762730898e-01
8.750000000000000000e+00 1.638015709982821311e-01
8.800000000000000711e+00 1.675764290716848515e-01
8.849999999999999645e+00 1.713775445156834332e-01
8.900000000000000355e+00 1.751994032176935889e-01
8.949999999999999289e+00 1.790357639846706372e-01
9.000000000000000000e+00 1.828795870350788666e-01
9.050000000000000711e+00 1.867229558833632952e-01
9.099999999999999645e+00 1.905569920196046596e-01
9.150000000000000355e+00 1.943717617334715930e-01
9.199999999999999289e+00 1.981561743732200009e-01
9.250000000000000000e+00 2.018978712669417530e-01
9.300000000000000711e+00 2.055831044639930272e-01
9.349999999999999645e+00 2.091966043791412821e-01
9.400000000000000355e+00 2.127214353397806623e-01
9.449999999999999289e+00 2.161388379470974008e-01
9.500000000000000000e+00 2.194280570645887884e-01
9.550000000000000711e+00 2.225661541411488031e-01
9.599999999999999645e+00 2.255278024603266374e-01
9.650000000000000355e+00 2.282850637813638450e-01
9.699999999999999289e+00 2.308071447004601262e-01
9.750000000000000000e+00 2.330601309112829145e-01
9.800000000000000711e+00 2.350066973809761817e-01
9.849999999999999645e+00 2.366057922806992786e-01
9.900000000000000355e+00 2.378122923166560154e-01
9.949999999999999289e+00 2.385766268973147086e-01
1.000000000000000000e+01 2.388443683435409748e-01
