0.000000000000000000e+00 -4.999999999999996114e-01
5.000000000000000278e-02 -4.792163796115413987e-01
1.000000000000000056e-01 -4.595974645645656276e-01
1.499999999999999944e-01 -4.410638605702124071e-01
2.000000000000000111e-01 -4.235421510960639679e-01
2.500000000000000000e-01 -4.069644292277309061e-01
2.999999999999999889e-01 -3.912678668181340802e-01
3.499999999999999778e-01 -3.763943179315997201e-01
4.000000000000000222e-01 -3.622899538311341039e-01
4.500000000000000111e-01 -3.489049269789933905e-01
5.000000000000000000e-01 -3.361930617245098563e-01
5.500000000000000444e-01 -3.241115695404819252e-01
5.999999999999999778e-01 -3.126207868416919777e-01
6.500000000000000222e-01 -3.016839335774050279e-01
6.999999999999999556e-01 -2.912668909352575386e-01
7.500000000000000000e-01 -2.813379966277149147e-01
8.000000000000000444e-01 -2.718678563552683891e-01
8.499999999999999778e-01 -2.628291701535889757e-01
9.000000000000000222e-01 -2.541965724357997392e-01
9.499999999999999556e-01 -2.459464846365800317e-01
1.000000000000000000e+00 -2.380569794526380123e-01
1.050000000000000044e+00 -2.305076557548706162e-01
1.100000000000000089e+00 -2.232795233217607922e-01
1.149999999999999911e+00 -2.163548966118312711e-01
1.199999999999999956e+00 -2.097172968557330097e-01
1.250000000000000000e+00 -2.033513618062477990e-01
1.300000000000000044e+00 -1.972427625375497706e-01
1.350000000000000089e+00 -1.913781267338444114e-01
1.399999999999999911e+00 -1.857449679523637542e-01
1.449999999999999956e+00 -1.803316203869483880e-01
1.500000000000000000e+00 -1.751271786963549126e-01
1.550000000000000044e+00 -1.701214424963306548e-01
1.600000000000000089e+00 -1.653048651465442165e-01
1.649999999999999911e+00 -1.606685064929649076e-01
1.699999999999999956e+00 -1.562039892534050345e-01
1.750000000000000000e+00 -1.519034587588803942e-01
1.800000000000000044e+00 -1.477595457863826456e-01
1.850000000000000089e+00 -1.437653322397576816e-01
1.899999999999999911e+00 -1.399143194547884661e-01
1.949999999999999956e+00 -1.362003989224222777e-01
2.000000000000000000e+00 -1.326178252405029456e-01
2.049999999999999822e+00 -1.291611911194707474e-01
2.100000000000000089e+00 -1.258254042813690965e-01
2.149999999999999911e+00 -1.226056661042911056e-01
2.200000000000000178e+00 -1.194974518761375698e-01
2.250000000000000000e+00 -1.164964925323744432e-01
2.299999999999999822e+00 -1.135987577624326672e-01
2.350000000000000089e+00 -1.108004403785306097e-01
2.399999999999999911e+00 -1.080979418491325311e-01
2.450000000000000178e+00 -1.054878589069966066e-01
2.500000000000000000e+00 -1.029669711488945261e-01
2.549999999999999822e+00 -1.005322295506494296e-01
2.600000000000000089e+00 -9.818074582716855569e-02
2.649999999999999911e+00 -9.590978257271018381e-02
2.700000000000000178e+00 -9.371674412172575908e-02
2.750000000000000000e+00 -9.159916807533759198e-02
2.799999999999999822e+00 -8.955471744283141633e-02
2.850000000000000089e+00 -8.758117335153808858e-02
2.899999999999999911e+00 -8.567642828214346029e-02
2.950000000000000178e+00 -8.383847978984854121e-02
3.000000000000000000e+00 -8.206542467491016735e-02
3.049999999999999822e+00 -8.035545356895955338e-02
3.100000000000000089e+00 -7.870684590612819775e-02
3.149999999999999911e+00 -7.711796525044960215e-02
3.200000000000000178e+00 -7.558725495323201371e-02
3.250000000000000000e+00 -7.411323411616660417e-02
3.299999999999999822e+00 -7.269449383782980445e-02
3.350000000000000089e+00 -7.132969372298873789e-02
3.399999999999999911e+00 -7.001755863573452809e-02
3.450000000000000178e+00 -6.875687567894633867e-02
3.500000000000000000e+00 -6.754649138396956465e-02
3.549999999999999822e+00 -6.638530909564305249e-02
3.600000000000000089e+00 -6.527228653898473065e-02
3.649999999999999911e+00 -6.420643355491222060e-02
3.700000000000000178e+00 -6.318680999337354665e-02
3.750000000000000000e+00 -6.221252375317030264e-02
3.799999999999999822e+00 -6.128272895860720909e-02
3.850000000000000089e+00 -6.039662426387695099e-02
3.899999999999999911e+00 -5.955345127681691692e-02
3.950000000000000178e+00 -5.875249309433495243e-02
4.000000000000000000e+00 -5.799307294242090488e-02
4.049999999999999822e+00 -5.727455291423361877e-02
4.099999999999999645e+00 -5.659633280027859953e-02
4.150000000000000355e+00 -5.595784900518392668e-02
4.200000000000000178e+00 -5.535857354603877789e-02
4.250000000000000000e+00 -5.479801312767886706e-02
4.299999999999999822e+00 -5.427570829069927605e-02
4.349999999999999645e+00 -5.379123262834022146e-02
4.400000000000000355e+00 -5.334419206873515507e-02
4.450000000000000178e+00 -5.293422421932823113e-02
4.500000000000000000e+00 -5.256099777057127859e-02
4.549999999999999822e+00 -5.222421195628642460e-02
4.599999999999999645e+00 -5.192359606835366542e-02
4.650000000000000355e+00 -5.165890902362325204e-02
4.700000000000000178e+00 -5.142993898119796459e-02
4.750000000000000000e+00 -5.123650300845234568e-02
4.799999999999999822e+00 -5.107844679436992358e-02
4.849999999999999645e+00 -5.095564440898826125e-02
4.900000000000000355e+00 -5.086799810794050136e-02
4.950000000000000178e+00 -5.081543818127201573e-02
5.000000000000000000e+00 -5.079792284590070595e-02
5.049999999999999822e+00 -5.081543818127203654e-02
5.099999999999999645e+00 -5.086799810794056381e-02
5.150000000000000355e+00 -5.095564440898824043e-02
5.200000000000000178e+00 -5.107844679436993746e-02
5.250000000000000000e+00 -5.123650300845233874e-02
5.299999999999999822e+00 -5.142993898119794377e-02
5.349999999999999645e+00 -5.165890902362316184e-02
5.400000000000000355e+00 -5.192359606835371399e-02
5.450000000000000178e+00 -5.222421195628648011e-02
5.500000000000000000e+00 -5.256099777057120226e-02
5.549999999999999822e+00 -5.293422421932832828e-02
5.599999999999999645e+00 -5.334419206873510649e-02
5.650000000000000355e+00 -5.379123262834027697e-02
5.700000000000000178e+00 -5.427570829069931768e-02
5.750000000000000000e+00 -5.479801312767899196e-02
5.799999999999999822e+00 -5.535857354603888891e-02
5.849999999999999645e+00 -5.595784900518398219e-02
5.900000000000000355e+00 -5.659633280027877300e-02
5.950000000000000178e+00 -5.727455291423381306e-02
6.000000000000000000e+00 -5.799307294242092570e-02
6.049999999999999822e+00 -5.875249309433505651e-02
6.099999999999999645e+00 -5.955345127681699324e-02
6.150000000000000355e+00 -6.039662426387704813e-02
6.200000000000000178e+00 -6.128272895860743114e-02
6.250000000000000000e+00 -6.221252375317050387e-02
6.299999999999999822e+00 -6.318680999337357440e-02
6.349999999999999645e+00 -6.420643355491212345e-02
6.400000000000000355e+00 -6.527228653898480004e-02
6.450000000000000178e+00 -6.638530909564338556e-02
6.500000000000000000e+00 -6.754649138396967567e-02
6.549999999999999822e+00 -6.875687567894643581e-02
6.599999999999999645e+00 -7.001755863573433381e-02
6.650000000000000355e+00 -7.132969372298882116e-02
6.700000000000000178e+00 -7.269449383783004037e-02
6.750000000000000000e+00 -7.411323411616682622e-02
6.799999999999999822e+00 -7.558725495323213861e-02
6.849999999999999645e+00 -7.711796525044974093e-02
6.900000000000000355e+00 -7.870684590612836429e-02
6.950000000000000178e+00 -8.035545356895973379e-02
7.000000000000000000e+00 -8.206542467491038939e-02
7.049999999999999822e+00 -8.383847978984856897e-02
7.099999999999999645e+00 -8.567642828214364070e-02
7.150000000000000355e+00 -8.758117335153836613e-02
7.200000000000000178e+00 -8.955471744283159674e-02
7.250000000000000000e+00 -9.159916807533764749e-02
7.299999999999999822e+00 -9.371674412172602275e-02
7.349999999999999645e+00 -9.590978257271025320e-02
7.400000000000000355e+00 -9.818074582716893040e-02
7.450000000000000178e+00 -1.005322295506494990e-01
7.500000000000000000e+00 -1.029669711488948453e-01
7.549999999999999822e+00 -1.054878589069968287e-01
7.599999999999999645e+00 -1.080979418491328087e-01
7.650000000000000355e+00 -1.108004403785308456e-01
7.700000000000000178e+00 -1.135987577624330419e-01
7.750000000000000000e+00 -1.164964925323749706e-01
7.799999999999999822e+00 -1.194974518761379584e-01
7.849999999999999645e+00 -1.226056661042914803e-01
7.900000000000000355e+00 -1.258254042813695406e-01
7.950000000000000178e+00 -1.291611911194711637e-01
8.000000000000000000e+00 -1.326178252405035840e-01
8.050000000000000711e+00 -1.362003989224229439e-01
8.099999999999999645e+00 -1.399143194547889379e-01
8.150000000000000355e+00 -1.437653322397581257e-01
8.199999999999999289e+00 -1.477595457863828399e-01
8.250000000000000000e+00 -1.519034587588810048e-01
8.300000000000000711e+00 -1.562039892534059227e-01
8.349999999999999645e+00 -1.606685064929653517e-01
8.400000000000000355e+00 -1.653048651465450214e-01
8.449999999999999289e+00 -1.701214424963313487e-01
8.500000000000000000e+00 -1.751271786963558286e-01
8.550000000000000711e+00 -1.803316203869491652e-01
8.599999999999999645e+00 -1.857449679523649477e-01
8.650000000000000355e+00 -1.913781267338445224e-01
8.699999999999999289e+00 -1.972427625375501037e-01
8.750000000000000000e+00 -2.033513618062482986e-01
8.800000000000000711e+00 -2.097172968557336481e-01
8.849999999999999645e+00 -2.163548966118322148e-01
8.900000000000000355e+00 -2.232795233217617636e-01
8.949999999999999289e+00 -2.305076557548711713e-01
9.000000000000000000e+00 -2.380569794526391503e-01
9.050000000000000711e+00 -2.459464846365811697e-01
9.099999999999999645e+00 -2.541965724358007939e-01
9.150000000000000355e+00 -2.628291701535900304e-01
9.199999999999999289e+00 -2.718678563552693883e-01
9.250000000000000000e+00 -2.813379966277156363e-01
9.300000000000000711e+00 -2.912668909352585933e-01
9.349999999999999645e+00 -3.016839335774059161e-01
9.400000000000000355e+00 -3.126207868416926439e-01
9.449999999999999289e+00 -3.241115695404823138e-01
9.500000000000000000e+00 -3.361930617245101338e-01
9.550000000000000711e+00 -3.489049269789945562e-01
9.599999999999999645e+00 -3.622899538311347145e-01
9.650000000000000355e+00 -3.763943179316008858e-01
9.699999999999999289e+00 -3.912678668181346353e-01
9.750000000000000000e+00 -4.069644292277320163e-01
9.800000000000000711e+00 -4.235421510960648561e-01
9.849999999999999645e+00 -4.410638605702129622e-01
9.900000000000000355e+00 -4.595974645645667933e-01
9.949999999999999289e+00 -4.792163796115405661e-01
1.000000000000000000e+01 -5.000000000000003331e-01
