0.000000000000000000e+00 -2.394607142969465141e-01
5.000000000000000278e-02 -2.391780998228089372e-01
1.000000000000000056e-01 -2.383992181989135761e-01
1.500000000000000222e-01 -2.371784981731171471e-01
2.000000000000000111e-01 -2.355655103644473114e-01
2.500000000000000000e-01 -2.336053775663903265e-01
3.000000000000000444e-01 -2.313391506116171392e-01
3.500000000000000333e-01 -2.288041533188226451e-01
4.000000000000000222e-01 -2.260342990966170418e-01
4.500000000000000111e-01 -2.230603790160927968e-01
5.000000000000000000e-01 -2.199103306009695946e-01
5.500000000000000444e-01 -2.166094788361667411e-01
6.000000000000000888e-01 -2.131807603696814213e-01
6.500000000000000222e-01 -2.096449284273527724e-01
7.000000000000000666e-01 -2.060207408435852650e-01
7.500000000000000000e-01 -2.023251319760009381e-01
8.000000000000000444e-01 -1.985733682667114586e-01
8.500000000000000888e-01 -1.947792005808741123e-01
9.000000000000000222e-01 -1.909549817904285796e-01
9.500000000000000666e-01 -1.871117677290825565e-01
1.000000000000000000e+00 -1.832590803345268970e-01
1.050000000000000044e+00 -1.794061039326666496e-01
1.100000000000000089e+00 -1.755607543685807903e-01
1.150000000000000133e+00 -1.717300602179361591e-01
1.200000000000000178e+00 -1.679202531731925629e-01
1.250000000000000000e+00 -1.641368424411889515e-01
1.300000000000000044e+00 -1.603846934382211209e-01
1.350000000000000089e+00 -1.566680837107124746e-01
1.400000000000000133e+00 -1.529906764705315503e-01
1.450000000000000178e+00 -1.493556679156770040e-01
1.500000000000000000e+00 -1.457658490307913168e-01
1.550000000000000044e+00 -1.422235765446001332e-01
1.600000000000000089e+00 -1.387307581343431018e-01
1.650000000000000133e+00 -1.352891073874953054e-01
1.700000000000000178e+00 -1.318998884438563057e-01
1.750000000000000000e+00 -1.285642408651846702e-01
1.800000000000000044e+00 -1.252829616648298006e-01
1.850000000000000089e+00 -1.220566512734143905e-01
1.900000000000000133e+00 -1.188856422832998277e-01
1.950000000000000178e+00 -1.157701996160886287e-01
2.000000000000000000e+00 -1.127103265895524065e-01
2.050000000000000266e+00 -1.097058974290721495e-01
2.100000000000000089e+00 -1.067567002780138857e-01
2.149999999999999911e+00 -1.038624078127007300e-01
2.200000000000000178e+00 -1.010225233469080885e-01
2.250000000000000000e+00 -9.823652086321986443e-02
2.300000000000000266e+00 -9.550380556790660780e-02
2.350000000000000089e+00 -9.282363508508628680e-02
2.400000000000000355e+00 -9.019525623275150006e-02
2.450000000000000178e+00 -8.761784528721551502e-02
2.500000000000000000e+00 -8.509054323564876898e-02
2.550000000000000266e+00 -8.261244860347036201e-02
2.600000000000000089e+00 -8.018262220551011787e-02
2.650000000000000355e+00 -7.780009840704386892e-02
2.700000000000000178e+00 -7.546387786096354910e-02
2.750000000000000000e+00 -7.317294072886200429e-02
2.800000000000000266e+00 -7.092625042257644230e-02
2.850000000000000089e+00 -6.872275651488719828e-02
2.900000000000000355e+00 -6.656139157155423203e-02
2.950000000000000178e+00 -6.444109829146685287e-02
3.000000000000000000e+00 -6.236079061188711664e-02
3.050000000000000266e+00 -6.031936465093454269e-02
3.100000000000000089e+00 -5.831574759185936124e-02
3.150000000000000355e+00 -5.634885587318878147e-02
3.200000000000000178e+00 -5.441760698254791140e-02
3.250000000000000000e+00 -5.252091951174772677e-02
3.300000000000000266e+00 -5.065771325217523907e-02
3.350000000000000089e+00 -4.882691085642248963e-02
3.400000000000000355e+00 -4.702745341271978574e-02
3.450000000000000178e+00 -4.525827933601682396e-02
3.500000000000000000e+00 -4.351833335526465729e-02
3.550000000000000266e+00 -4.180656198960002595e-02
3.600000000000000089e+00 -4.012192899553323339e-02
3.650000000000000355e+00 -3.846339537179579299e-02
3.700000000000000178e+00 -3.682991876777672730e-02
3.750000000000000000e+00 -3.522050101145689227e-02
3.800000000000000266e+00 -3.363413730328620316e-02
3.850000000000000089e+00 -3.206981967757033952e-02
3.900000000000000355e+00 -3.052655715616209645e-02
3.950000000000000178e+00 -2.900336574739419138e-02
4.000000000000000000e+00 -2.749927187135349851e-02
4.049999999999999822e+00 -2.601329152988379051e-02
4.100000000000000533e+00 -2.454448005228307070e-02
4.150000000000000355e+00 -2.309190450554179930e-02
4.200000000000000178e+00 -2.165460435860421667e-02
4.250000000000000000e+00 -2.023167694642076520e-02
4.299999999999999822e+00 -1.882215130649467216e-02
4.350000000000000533e+00 -1.742510345855564913e-02
4.400000000000000355e+00 -1.603961247095418707e-02
4.450000000000000178e+00 -1.466477187827848819e-02
4.500000000000000000e+00 -1.329967297847038481e-02
4.549999999999999822e+00 -1.194341155985484404e-02
4.600000000000000533e+00 -1.059509152867741354e-02
4.650000000000000355e+00 -9.253819244276657863e-03
4.700000000000000178e+00 -7.918704924191112896e-03
4.750000000000000000e+00 -6.588860790252467833e-03
4.800000000000000711e+00 -5.263404952357539357e-03
4.850000000000000533e+00 -3.941454680212806705e-03
4.900000000000000355e+00 -2.622128579277201339e-03
4.950000000000000178e+00 -1.304547936726294490e-03
5.000000000000000000e+00 1.216118304917056401e-05
5.050000000000000711e+00 1.328880773271180543e-03
5.100000000000000533e+00 2.646483212518706447e-03
5.150000000000000355e+00 3.965849730676340203e-03
5.200000000000000178e+00 5.287858236717816671e-03
5.250000000000000000e+00 6.613385538940715243e-03
5.300000000000000711e+00 7.943314040580124261e-03
5.350000000000000533e+00 9.278528635859473878e-03
5.400000000000000355e+00 1.061991544620580555e-02
5.450000000000000178e+00 1.196836361322239917e-02
5.500000000000000000e+00 1.332476775632283200e-02
5.550000000000000711e+00 1.469002472214383376e-02
5.600000000000000533e+00 1.606503605821441374e-02
5.650000000000000355e+00 1.745070831525799213e-02
5.700000000000000178e+00 1.884795347928784615e-02
5.750000000000000000e+00 2.025768927213872708e-02
5.800000000000000711e+00 2.168083914364840950e-02
5.850000000000000533e+00 2.311832818223073446e-02
5.900000000000000355e+00 2.457109767767786182e-02
5.950000000000000178e+00 2.604009172124421845e-02
6.000000000000000000e+00 2.752626104061654463e-02
6.050000000000000711e+00 2.903056149106653105e-02
6.100000000000000533e+00 3.055396138843625986e-02
6.150000000000000355e+00 3.209743616077093825e-02
6.200000000000000178e+00 3.366196789784672155e-02
6.250000000000000000e+00 3.524854697647397672e-02
6.300000000000000711e+00 3.685821099849215243e-02
6.350000000000000533e+00 3.849188468314587025e-02
6.400000000000000355e+00 4.015063072543833406e-02
6.450000000000000178e+00 4.183550350301010190e-02
6.500000000000000000e+00 4.354746248316366392e-02
6.550000000000000711e+00 4.528758677214141104e-02
6.600000000000000533e+00 4.705691890464098331e-02
6.650000000000000355e+00 4.885652155762260085e-02
6.700000000000000178e+00 5.068750076425449641e-02
6.750000000000000000e+00 5.255086857339773265e-02
6.800000000000000711e+00 5.444770473465689736e-02
6.850000000000000533e+00 5.637908394299104980e-02
6.900000000000000355e+00 5.834606390627758432e-02
6.950000000000000178e+00 6.034975719127440297e-02
7.000000000000000000e+00 6.239125324124222827e-02
7.050000000000000711e+00 6.447164376071072567e-02
7.100000000000000533e+00 6.659197347777279230e-02
7.150000000000000355e+00 6.875332868861842861e-02
7.200000000000000178e+00 7.095680729623361771e-02
7.250000000000000000e+00 7.320347560124465525e-02
7.300000000000000711e+00 7.549440786566172235e-02
7.350000000000000533e+00 7.783061680448401243e-02
7.400000000000000355e+00 8.021315574643335389e-02
7.450000000000000178e+00 8.264298972950553934e-02
7.500000000000000000e+00 8.512110444201725912e-02
7.550000000000000711e+00 8.764842020662037825e-02
7.600000000000000533e+00 9.022584531040482581e-02
7.650000000000000355e+00 9.285423788859799299e-02
7.700000000000000178e+00 9.553441879745143417e-02
7.750000000000000000e+00 9.826714569796961285e-02
7.800000000000000711e+00 1.010531181500737979e-01
7.850000000000000533e+00 1.038929690088443575e-01
7.900000000000000355e+00 1.067872398087185704e-01
7.950000000000000178e+00 1.097364697810784689e-01
8.000000000000000000e+00 1.127409036583079116e-01
8.050000000000000711e+00 1.158007967715637826e-01
8.099999999999999645e+00 1.189162524062322285e-01
8.150000000000000355e+00 1.220872368560748933e-01
8.200000000000001066e+00 1.253135381014410799e-01
8.250000000000000000e+00 1.285947775213992783e-01
8.300000000000000711e+00 1.319303656215183584e-01
8.349999999999999645e+00 1.353194983544489527e-01
8.400000000000000355e+00 1.387611137375370229e-01
8.450000000000001066e+00 1.422538946751492894e-01
8.500000000000000000e+00 1.457961923401988047e-01
8.550000000000000711e+00 1.493860375164573207e-01
8.599999999999999645e+00 1.530210869030735887e-01
8.650000000000000355e+00 1.566985804434475049e-01
8.700000000000001066e+00 1.604153259232572459e-01
8.750000000000000000e+00 1.641676162113274995e-01
8.800000000000000711e+00 1.679512074262811128e-01
8.849999999999999645e+00 1.717612327794781346e-01
8.900000000000000355e+00 1.755921907458189712e-01
8.950000000000001066e+00 1.794378074796166289e-01
9.000000000000000000e+00 1.832910691976758211e-01
9.050000000000000711e+00 1.871440399497026064e-01
9.099999999999999645e+00 1.909878391795910291e-01
9.150000000000000355e+00 1.948125259815670363e-01
9.200000000000001066e+00 1.986070039802673992e-01
9.250000000000000000e+00 2.023591531524945308e-01
9.300000000000000711e+00 2.060549372027614956e-01
9.349999999999999645e+00 2.096790731442209899e-01
9.400000000000000355e+00 2.132146093278919352e-01
9.450000000000001066e+00 2.166427669495000208e-01
9.500000000000000000e+00 2.199427694027364377e-01
9.550000000000000711e+00 2.230916525844827136e-01
9.600000000000001421e+00 2.260640604571636791e-01
9.650000000000000355e+00 2.288320219068128714e-01
9.700000000000001066e+00 2.313647052024075945e-01
9.750000000000000000e+00 2.336281537893870885e-01
9.800000000000000711e+00 2.355849951690236754e-01
9.850000000000001421e+00 2.371941243814359723e-01
9.900000000000000355e+00 2.384103569893204766e-01
9.950000000000001066e+00 2.391840549141437400e-01
1.000000000000000000e+01 2.394607142969465141e-01
