0.000000000000000000e+00 -5.051229597181623454e-01
5.000000000000000278e-02 -4.843632589284385670e-01
1.000000000000000056e-01 -4.647539842538495614e-01
1.500000000000000222e-01 -4.462172556726271000e-01
2.000000000000000111e-01 -4.286810353792673278e-01
2.500000000000000000e-01 -4.120786707405849625e-01
3.000000000000000444e-01 -3.963484740227494196e-01
3.500000000000000333e-01 -3.814333359765094689e-01
4.000000000000000222e-01 -3.672803693954166948e-01
4.500000000000000111e-01 -3.538405810689312370e-01
5.000000000000000000e-01 -3.410685705353604380e-01
5.500000000000000444e-01 -3.289222518296359143e-01
6.000000000000000888e-01 -3.173625978119991031e-01
6.500000000000000222e-01 -3.063534038836430717e-01
7.000000000000000666e-01 -2.958610715376582823e-01
7.500000000000000000e-01 -2.858544083895498411e-01
8.000000000000000444e-01 -2.763044433017542434e-01
8.500000000000000888e-01 -2.671842577442354871e-01
9.000000000000000222e-01 -2.584688282751319566e-01
9.500000000000000666e-01 -2.501348914811404867e-01
1.000000000000000000e+00 -2.421612922510334720e-01
1.050000000000000044e+00 -2.345275022928479947e-01
1.100000000000000089e+00 -2.272147738640004633e-01
1.150000000000000133e+00 -2.202056377456077241e-01
1.200000000000000178e+00 -2.134837807530136078e-01
1.250000000000000000e+00 -2.070339683152438159e-01
1.300000000000000044e+00 -2.008420189292818014e-01
1.350000000000000089e+00 -1.948947028144261406e-01
1.400000000000000133e+00 -1.891796334323281592e-01
1.450000000000000178e+00 -1.836852419701577588e-01
1.500000000000000000e+00 -1.784006660537755529e-01
1.550000000000000044e+00 -1.733157816972413501e-01
1.600000000000000089e+00 -1.684211281809434024e-01
1.650000000000000133e+00 -1.637077759078035821e-01
1.700000000000000178e+00 -1.591674180467991528e-01
1.750000000000000000e+00 -1.547922103950853390e-01
1.800000000000000044e+00 -1.505748151018793113e-01
1.850000000000000089e+00 -1.465083889469034062e-01
1.900000000000000133e+00 -1.425863465633180338e-01
1.950000000000000178e+00 -1.388026995978615119e-01
2.000000000000000000e+00 -1.351516863990435413e-01
2.050000000000000266e+00 -1.316278947121905518e-01
2.100000000000000089e+00 -1.282262249450119851e-01
2.149999999999999911e+00 -1.249418650725770130e-01
2.200000000000000178e+00 -1.217702969177248684e-01
2.250000000000000000e+00 -1.187072398707701704e-01
2.300000000000000266e+00 -1.157486580426208556e-01
2.350000000000000089e+00 -1.128907440442608601e-01
2.400000000000000355e+00 -1.101298840044235283e-01
2.450000000000000178e+00 -1.074626584634972987e-01
2.500000000000000000e+00 -1.048858237383937936e-01
2.550000000000000266e+00 -1.023963063794051664e-01
2.600000000000000089e+00 -9.999119547528036167e-02
2.650000000000000355e+00 -9.766772220003391847e-02
2.700000000000000178e+00 -9.542327148468168763e-02
2.750000000000000000e+00 -9.325535848120666826e-02
2.800000000000000266e+00 -9.116161740124528734e-02
2.850000000000000089e+00 -8.913979651673530069e-02
2.900000000000000355e+00 -8.718777233602963139e-02
2.950000000000000178e+00 -8.530350925526179739e-02
3.000000000000000000e+00 -8.348508302562074324e-02
3.050000000000000266e+00 -8.173067860976841736e-02
3.100000000000000089e+00 -8.003853354786848173e-02
3.150000000000000355e+00 -7.840698800486115005e-02
3.200000000000000178e+00 -7.683446223807635644e-02
3.250000000000000000e+00 -7.531944918040713033e-02
3.300000000000000266e+00 -7.386051274192287353e-02
3.350000000000000089e+00 -7.245629201071024372e-02
3.400000000000000355e+00 -7.110548176531786280e-02
3.450000000000000178e+00 -6.980684619356723741e-02
3.500000000000000000e+00 -6.855920870580968496e-02
3.550000000000000266e+00 -6.736144475279605415e-02
3.600000000000000089e+00 -6.621249532091717793e-02
3.650000000000000355e+00 -6.511134545523324102e-02
3.700000000000000178e+00 -6.405704806253430250e-02
3.750000000000000000e+00 -6.304867564674720981e-02
3.800000000000000266e+00 -6.208535995752084008e-02
3.850000000000000089e+00 -6.116628005514436472e-02
3.900000000000000355e+00 -6.029065463067700276e-02
3.950000000000000178e+00 -5.945774724076764717e-02
4.000000000000000000e+00 -5.866686103199712787e-02
4.049999999999999822e+00 -5.791734707930873416e-02
4.100000000000000533e+00 -5.720857486386077967e-02
4.150000000000000355e+00 -5.653994645937419211e-02
4.200000000000000178e+00 -5.591092778088321835e-02
4.250000000000000000e+00 -5.532097612288579963e-02
4.299999999999999822e+00 -5.476964841447187760e-02
4.350000000000000533e+00 -5.425649756233556775e-02
4.400000000000000355e+00 -5.378111137540885628e-02
4.450000000000000178e+00 -5.334310520595236804e-02
4.500000000000000000e+00 -5.294213101961856016e-02
4.549999999999999822e+00 -5.257786742255134149e-02
4.600000000000000533e+00 -5.225002580530976881e-02
4.650000000000000355e+00 -5.195834692560689222e-02
4.700000000000000178e+00 -5.170259913512602334e-02
4.750000000000000000e+00 -5.148257946577945027e-02
4.800000000000000711e+00 -5.129811565284811414e-02
4.850000000000000533e+00 -5.114906436162700715e-02
4.900000000000000355e+00 -5.103530498025077300e-02
4.950000000000000178e+00 -5.095675400033213009e-02
5.000000000000000000e+00 -5.091334690690084430e-02
5.050000000000000711e+00 -5.090505316253687851e-02
5.100000000000000533e+00 -5.093186546610233706e-02
5.150000000000000355e+00 -5.099380989089435240e-02
5.200000000000000178e+00 -5.109093435790087318e-02
5.250000000000000000e+00 -5.122332123229717676e-02
5.300000000000000711e+00 -5.139107613724274576e-02
5.350000000000000533e+00 -5.159433546259337838e-02
5.400000000000000355e+00 -5.183326271021243548e-02
5.450000000000000178e+00 -5.210805241191487913e-02
5.500000000000000000e+00 -5.241892502763356720e-02
5.550000000000000711e+00 -5.276613236909097338e-02
5.600000000000000533e+00 -5.314995583648485927e-02
5.650000000000000355e+00 -5.357070665693533518e-02
5.700000000000000178e+00 -5.402872738404845832e-02
5.750000000000000000e+00 -5.452439286816637004e-02
5.800000000000000711e+00 -5.505810983664815444e-02
5.850000000000000533e+00 -5.563031895453019599e-02
5.900000000000000355e+00 -5.624149112487986102e-02
5.950000000000000178e+00 -5.689213503159504942e-02
6.000000000000000000e+00 -5.758279315801792531e-02
6.050000000000000711e+00 -5.831404408342297230e-02
6.100000000000000533e+00 -5.908650548497693111e-02
6.150000000000000355e+00 -5.990083254153190373e-02
6.200000000000000178e+00 -6.075772120274819388e-02
6.250000000000000000e+00 -6.165790790567283325e-02
6.300000000000000711e+00 -6.260220271253183477e-02
6.350000000000000533e+00 -6.359136448014825194e-02
6.400000000000000355e+00 -6.462629712793087344e-02
6.450000000000000178e+00 -6.570794637126566029e-02
6.500000000000000000e+00 -6.683721543111130481e-02
6.550000000000000711e+00 -6.801516015942131455e-02
6.600000000000000533e+00 -6.924284568266750317e-02
6.650000000000000355e+00 -7.052141192686897653e-02
6.700000000000000178e+00 -7.185208213831130453e-02
6.750000000000000000e+00 -7.323605702438729104e-02
6.800000000000000711e+00 -7.467464901240014608e-02
6.850000000000000533e+00 -7.616924918599722594e-02
6.900000000000000355e+00 -7.772128062416559791e-02
6.950000000000000178e+00 -7.933229747219396055e-02
7.000000000000000000e+00 -8.100391258698516617e-02
7.050000000000000711e+00 -8.273782772260616925e-02
7.100000000000000533e+00 -8.453579531814683912e-02
7.150000000000000355e+00 -8.639968665174306561e-02
7.200000000000000178e+00 -8.833150511722777376e-02
7.250000000000000000e+00 -9.033331207758821257e-02
7.300000000000000711e+00 -9.240731878483667006e-02
7.350000000000000533e+00 -9.455581838082996460e-02
7.400000000000000355e+00 -9.678127131820370155e-02
7.450000000000000178e+00 -9.908621827751645794e-02
7.500000000000000000e+00 -1.014733783616293544e-01
7.550000000000000711e+00 -1.039455908986946231e-01
7.600000000000000533e+00 -1.065058745645593580e-01
7.650000000000000355e+00 -1.091574193104008772e-01
7.700000000000000178e+00 -1.119035957392501696e-01
7.750000000000000000e+00 -1.147479728924387515e-01
7.800000000000000711e+00 -1.176943322574851292e-01
7.850000000000000533e+00 -1.207466774406303484e-01
7.900000000000000355e+00 -1.239092510230548339e-01
7.950000000000000178e+00 -1.271865233816169838e-01
8.000000000000000000e+00 -1.305832915837238928e-01
8.050000000000000711e+00 -1.341046294593464250e-01
8.099999999999999645e+00 -1.377559243264806776e-01
8.150000000000000355e+00 -1.415429001848365897e-01
8.200000000000001066e+00 -1.454716469169719806e-01
8.250000000000000000e+00 -1.495486480343790059e-01
8.300000000000000711e+00 -1.537808081129086735e-01
8.349999999999999645e+00 -1.581754862540835915e-01
8.400000000000000355e+00 -1.627405254104082044e-01
8.450000000000001066e+00 -1.674843122464627909e-01
8.500000000000000000e+00 -1.724157814111126896e-01
8.550000000000000711e+00 -1.775444825185001907e-01
8.599999999999999645e+00 -1.828806287666894237e-01
8.650000000000000355e+00 -1.884351365958568114e-01
8.700000000000001066e+00 -1.942197064802113071e-01
8.750000000000000000e+00 -2.002468552016660464e-01
8.800000000000000711e+00 -2.065300097825207293e-01
8.849999999999999645e+00 -2.130835319960143193e-01
8.900000000000000355e+00 -2.199228465193182880e-01
8.950000000000001066e+00 -2.270645448968721392e-01
9.000000000000000000e+00 -2.345263283353173078e-01
9.050000000000000711e+00 -2.423273730186685515e-01
9.099999999999999645e+00 -2.504881878064973422e-01
9.150000000000000355e+00 -2.590308518826447415e-01
9.200000000000001066e+00 -2.679791208116045764e-01
9.250000000000000000e+00 -2.773582884153324435e-01
9.300000000000000711e+00 -2.871961697529863411e-01
9.349999999999999645e+00 -2.975224147001693797e-01
9.400000000000000355e+00 -3.083689764601605932e-01
9.450000000000001066e+00 -3.197703049895447291e-01
9.500000000000000000e+00 -3.317635531864658316e-01
9.550000000000000711e+00 -3.443888035501180833e-01
9.600000000000001421e+00 -3.576893153099801603e-01
9.650000000000000355e+00 -3.717117942495342664e-01
9.700000000000001066e+00 -3.865066785911178138e-01
9.750000000000000000e+00 -4.021284563190459238e-01
9.800000000000000711e+00 -4.186360067309218280e-01
9.850000000000001421e+00 -4.360929737290791253e-01
9.900000000000000355e+00 -4.545681713829849424e-01
9.950000000000001066e+00 -4.741360232227595506e-01
1.000000000000000000e+01 -4.948770402818376546e-01
