0.000000000000000000e+00 1.245371584594747068e-03
5.000000000000000278e-02 4.940409346441340666e-03
1.000000000000000056e-01 1.095313243072579962e-02
1.500000000000000222e-01 1.906510026297345700e-02
2.000000000000000111e-01 2.898300604424296559e-02
2.500000000000000000e-01 4.034864056545912209e-02
3.000000000000000444e-01 5.276190603322148537e-02
3.500000000000000333e-01 6.579428633076761512e-02
4.000000000000000222e-01 7.901254204871792364e-02
4.500000000000000111e-01 9.199267255702836543e-02
5.000000000000000000e-01 1.043403855310899853e-01
5.500000000000000444e-01 1.157181903497738473e-01
6.000000000000000888e-01 1.258455493390450708e-01
6.500000000000000222e-01 1.345189462012705006e-01
7.000000000000000666e-01 1.416087897003115714e-01
7.500000000000000000e-01 1.470771810932599288e-01
8.000000000000000444e-01 1.509619468887012650e-01
8.500000000000000888e-01 1.533702968354245522e-01
9.000000000000000222e-01 1.544767159320789562e-01
9.500000000000000666e-01 1.545189089717175779e-01
1.000000000000000000e+00 1.537490903782306739e-01
1.050000000000000044e+00 1.524625519928472228e-01
1.100000000000000089e+00 1.509428282171357827e-01
1.150000000000000133e+00 1.494666693138002878e-01
1.200000000000000178e+00 1.482904739046803644e-01
1.250000000000000000e+00 1.476062846154195252e-01
1.300000000000000044e+00 1.475503903322251120e-01
1.350000000000000089e+00 1.482097330246352207e-01
1.400000000000000133e+00 1.496017286622673970e-01
1.450000000000000178e+00 1.516830804616790263e-01
1.500000000000000000e+00 1.543330573874149847e-01
1.550000000000000044e+00 1.574022629929437700e-01
1.600000000000000089e+00 1.606904619276560975e-01
1.650000000000000133e+00 1.639650713722691500e-01
1.700000000000000178e+00 1.669943183839185663e-01
1.750000000000000000e+00 1.695172980887870717e-01
1.800000000000000044e+00 1.713265876774725527e-01
1.850000000000000089e+00 1.722311136210860905e-01
1.900000000000000133e+00 1.720848312227812871e-01
1.950000000000000178e+00 1.708052952705542971e-01
2.000000000000000000e+00 1.683643332926333946e-01
2.050000000000000266e+00 1.647936507264810835e-01
2.100000000000000089e+00 1.602035232821405752e-01
2.149999999999999911e+00 1.547584138882937277e-01
2.200000000000000178e+00 1.486792341468194112e-01
2.250000000000000000e+00 1.422310780177444001e-01
2.300000000000000266e+00 1.357001567211399418e-01
2.350000000000000089e+00 1.294059738061182907e-01
2.400000000000000355e+00 1.236574530563315788e-01
2.450000000000000178e+00 1.187687125135856864e-01
2.500000000000000000e+00 1.150135855836249554e-01
2.550000000000000266e+00 1.126469482695251212e-01
2.600000000000000089e+00 1.118418521480595562e-01
2.650000000000000355e+00 1.127381577714607203e-01
2.700000000000000178e+00 1.154104065266481766e-01
2.750000000000000000e+00 1.198626753168655079e-01
2.800000000000000266e+00 1.260319926973454685e-01
2.850000000000000089e+00 1.337935647182639798e-01
2.900000000000000355e+00 1.429667023227414180e-01
2.950000000000000178e+00 1.533305277017943946e-01
3.000000000000000000e+00 1.646086251857982741e-01
3.050000000000000266e+00 1.765141822672910976e-01
3.100000000000000089e+00 1.887515528303687073e-01
3.150000000000000355e+00 2.010096842659715721e-01
3.200000000000000178e+00 2.129954511732468914e-01
3.250000000000000000e+00 2.244369642042792490e-01
3.300000000000000266e+00 2.351051319077719082e-01
3.350000000000000089e+00 2.447954054555372960e-01
3.400000000000000355e+00 2.533694014814403817e-01
3.450000000000000178e+00 2.607230174072301399e-01
3.500000000000000000e+00 2.668137760609448628e-01
3.550000000000000266e+00 2.716326501625540013e-01
3.600000000000000089e+00 2.752644992967672177e-01
3.650000000000000355e+00 2.777823454931656610e-01
3.700000000000000178e+00 2.793049484666909610e-01
3.750000000000000000e+00 2.799817312441298389e-01
3.800000000000000266e+00 2.799792734178570552e-01
3.850000000000000089e+00 2.794680817185176691e-01
3.900000000000000355e+00 2.786224580919474114e-01
3.950000000000000178e+00 2.776029816075489265e-01
4.000000000000000000e+00 2.765512380616561017e-01
4.049999999999999822e+00 2.755935826601255689e-01
4.100000000000000533e+00 2.748199955300207331e-01
4.150000000000000355e+00 2.742937444737129637e-01
4.200000000000000178e+00 2.740456740126796520e-01
4.250000000000000000e+00 2.740772957605027149e-01
4.299999999999999822e+00 2.743610749994543907e-01
4.350000000000000533e+00 2.748456245928028729e-01
4.400000000000000355e+00 2.754601179755288287e-01
4.450000000000000178e+00 2.761185821317797551e-01
4.500000000000000000e+00 2.767338051419375167e-01
4.549999999999999822e+00 2.772019857397551301e-01
4.600000000000000533e+00 2.774376490661439876e-01
4.650000000000000355e+00 2.773745102462260581e-01
4.700000000000000178e+00 2.769478129670546185e-01
4.750000000000000000e+00 2.761208787364441419e-01
4.800000000000000711e+00 2.748805616381486128e-01
4.850000000000000533e+00 2.732376397709205817e-01
4.900000000000000355e+00 2.712288208381378185e-01
4.950000000000000178e+00 2.689168926084706812e-01
5.000000000000000000e+00 2.663843876764524499e-01
5.050000000000000711e+00 2.637347639032298074e-01
5.100000000000000533e+00 2.610863737831103926e-01
5.150000000000000355e+00 2.585653630229227118e-01
5.200000000000000178e+00 2.563033493877467373e-01
5.250000000000000000e+00 2.544304115808952993e-01
5.300000000000000711e+00 2.530721739035029505e-01
5.350000000000000533e+00 2.523398528947870534e-01
5.400000000000000355e+00 2.523255827909138271e-01
5.450000000000000178e+00 2.531030113503784928e-01
5.500000000000000000e+00 2.547208966860104451e-01
5.550000000000000711e+00 2.572019513494136489e-01
5.600000000000000533e+00 2.605445985308774137e-01
5.650000000000000355e+00 2.647136177707303806e-01
5.700000000000000178e+00 2.696534786163448105e-01
5.750000000000000000e+00 2.752839798085219281e-01
5.800000000000000711e+00 2.815049411488316222e-01
5.850000000000000533e+00 2.882001207437553392e-01
5.900000000000000355e+00 2.952402678348086673e-01
5.950000000000000178e+00 3.024907387373589329e-01
6.000000000000000000e+00 3.098122656047495038e-01
6.050000000000000711e+00 3.170695921161599262e-01
6.100000000000000533e+00 3.241340708732134424e-01
6.150000000000000355e+00 3.308883047475043027e-01
6.200000000000000178e+00 3.372292543536622444e-01
6.250000000000000000e+00 3.430696678903194519e-01
6.300000000000000711e+00 3.483421575222135358e-01
6.350000000000000533e+00 3.529983462387901727e-01
6.400000000000000355e+00 3.570096469593007082e-01
6.450000000000000178e+00 3.603676546843026518e-01
6.500000000000000000e+00 3.630816064087565853e-01
6.550000000000000711e+00 3.651760362508083557e-01
6.600000000000000533e+00 3.666903948983695760e-01
6.650000000000000355e+00 3.676866279444025998e-01
6.700000000000000178e+00 3.682071889862744696e-01
6.750000000000000000e+00 3.683067085467485180e-01
6.800000000000000711e+00 3.680450275413751915e-01
6.850000000000000533e+00 3.674783889783254653e-01
6.900000000000000355e+00 3.666598774652137793e-01
6.950000000000000178e+00 3.656348129278395032e-01
7.000000000000000000e+00 3.644409879315590461e-01
7.050000000000000711e+00 3.631063570924005224e-01
7.100000000000000533e+00 3.616475217763231442e-01
7.150000000000000355e+00 3.600693720851633750e-01
7.200000000000000178e+00 3.583686670222639981e-01
7.250000000000000000e+00 3.565345060101747787e-01
7.300000000000000711e+00 3.545472681255089631e-01
7.350000000000000533e+00 3.523836569776818695e-01
7.400000000000000355e+00 3.500208474207758824e-01
7.450000000000000178e+00 3.474306988290020715e-01
7.500000000000000000e+00 3.445898233512205144e-01
7.550000000000000711e+00 3.414837023285520745e-01
7.600000000000000533e+00 3.380895671325236385e-01
7.650000000000000355e+00 3.344172266870146792e-01
7.700000000000000178e+00 3.304772218156026287e-01
7.750000000000000000e+00 3.262939758916113542e-01
7.800000000000000711e+00 3.219016801491935142e-01
7.850000000000000533e+00 3.173494478658108742e-01
7.900000000000000355e+00 3.126987293549385316e-01
7.950000000000000178e+00 3.080232259006263629e-01
8.000000000000000000e+00 3.034074721730055102e-01
8.050000000000000711e+00 2.989431014550671395e-01
8.099999999999999645e+00 2.947273881936812723e-01
8.150000000000000355e+00 2.908588891893862938e-01
8.200000000000001066e+00 2.874350979352858215e-01
8.250000000000000000e+00 2.845496084739354559e-01
8.300000000000000711e+00 2.822879157433103581e-01
8.349999999999999645e+00 2.807239342457127917e-01
8.400000000000000355e+00 2.799171649355275404e-01
8.450000000000001066e+00 2.799093414900671317e-01
8.500000000000000000e+00 2.807220892508138221e-01
8.550000000000000711e+00 2.823558435172051073e-01
8.599999999999999645e+00 2.847883307412465426e-01
8.650000000000000355e+00 2.879740685238608155e-01
8.700000000000001066e+00 2.918451362914502578e-01
8.750000000000000000e+00 2.963153318193785246e-01
8.800000000000000711e+00 3.012781061638311608e-01
8.849999999999999645e+00 3.066136232067465106e-01
8.900000000000000355e+00 3.121913929954272526e-01
8.950000000000001066e+00 3.178744834127935626e-01
9.000000000000000000e+00 3.235237478173801917e-01
9.050000000000000711e+00 3.290034441718450164e-01
9.099999999999999645e+00 3.341863107808458189e-01
9.150000000000000355e+00 3.389592605941444958e-01
9.200000000000001066e+00 3.432243202215863875e-01
9.250000000000000000e+00 3.469046812674639324e-01
9.300000000000000711e+00 3.499446319766095215e-01
9.349999999999999645e+00 3.523144709862263690e-01
9.400000000000000355e+00 3.540095284576267320e-01
9.450000000000001066e+00 3.550485384439886483e-01
9.500000000000000000e+00 3.554721647819120145e-01
9.550000000000000711e+00 3.553397816647209106e-01
9.600000000000001421e+00 3.547262363228891879e-01
9.650000000000000355e+00 3.537162172166383178e-01
9.700000000000001066e+00 3.523998972650752570e-01
9.750000000000000000e+00 3.508669516706284797e-01
9.800000000000000711e+00 3.492007602191640747e-01
9.850000000000001421e+00 3.474733310600177649e-01
9.900000000000000355e+00 3.457409578836834751e-01
9.950000000000001066e+00 3.440401526243733743e-01
