0.000000000000000000e+00 1.250498682474567155e-03
5.000000000000000278e-02 4.958777891459575579e-03
1.000000000000000056e-01 1.099118485639581297e-02
1.500000000000000222e-01 1.912753565895719543e-02
2.000000000000000111e-01 2.907170048381760297e-02
2.500000000000000000e-01 4.046546671302363868e-02
3.000000000000000444e-01 5.290606078672503709e-02
3.500000000000000333e-01 6.596432338692835573e-02
4.000000000000000222e-01 7.920443772705866581e-02
4.500000000000000111e-01 9.220385913340187201e-02
5.000000000000000000e-01 1.045725007310656512e-01
5.500000000000000444e-01 1.159685515701052994e-01
6.000000000000000888e-01 1.261140421815312440e-01
6.500000000000000222e-01 1.348034161538148867e-01
7.000000000000000666e-01 1.419113519208251850e-01
7.500000000000000000e-01 1.473943437819554836e-01
8.000000000000000444e-01 1.512905988287248926e-01
8.500000000000000888e-01 1.537104061627258267e-01
9.000000000000000222e-01 1.548296751020526163e-01
9.500000000000000666e-01 1.548772090523998501e-01
1.000000000000000000e+00 1.541155294286255251e-01
1.050000000000000044e+00 1.528316853617372184e-01
1.100000000000000089e+00 1.513108068406163742e-01
1.150000000000000133e+00 1.498275719452883958e-01
1.200000000000000178e+00 1.486237137911473050e-01
1.250000000000000000e+00 1.479013282838757826e-01
1.300000000000000044e+00 1.478079655861788966e-01
1.350000000000000089e+00 1.484334562942670743e-01
1.400000000000000133e+00 1.497988074805513548e-01
1.450000000000000178e+00 1.518643083552644324e-01
1.500000000000000000e+00 1.545296148559266169e-01
1.550000000000000044e+00 1.576450570176031740e-01
1.600000000000000089e+00 1.610145820221385304e-01
1.650000000000000133e+00 1.644131627147485952e-01
1.700000000000000178e+00 1.675983853660484302e-01
1.750000000000000000e+00 1.703284923855530042e-01
1.800000000000000044e+00 1.723767569390340648e-01
1.850000000000000089e+00 1.735426966624189493e-01
1.900000000000000133e+00 1.736654324182348164e-01
1.950000000000000178e+00 1.726362772906477050e-01
2.000000000000000000e+00 1.704020057932985888e-01
2.050000000000000266e+00 1.669759793302942885e-01
2.100000000000000089e+00 1.624279622377577670e-01
2.149999999999999911e+00 1.568897733270579187e-01
2.200000000000000178e+00 1.505503233649882755e-01
2.250000000000000000e+00 1.436489748768192132e-01
2.300000000000000266e+00 1.364591752517418377e-01
2.350000000000000089e+00 1.292787939569000066e-01
2.400000000000000355e+00 1.224186276811324442e-01
2.450000000000000178e+00 1.161867115346892076e-01
2.500000000000000000e+00 1.108718899497070920e-01
2.550000000000000266e+00 1.067374623334307049e-01
2.600000000000000089e+00 1.040047828809242819e-01
2.650000000000000355e+00 1.028462039819046797e-01
2.700000000000000178e+00 1.033772039080644994e-01
2.750000000000000000e+00 1.056528938008685081e-01
2.800000000000000266e+00 1.096657050276732409e-01
2.850000000000000089e+00 1.153471382117841337e-01
2.900000000000000355e+00 1.225724782388551565e-01
2.950000000000000178e+00 1.311662149716037451e-01
3.000000000000000000e+00 1.409112578560751949e-01
3.050000000000000266e+00 1.515579359345405053e-01
3.100000000000000089e+00 1.628344998423728318e-01
3.150000000000000355e+00 1.744604461324870959e-01
3.200000000000000178e+00 1.861558828997384452e-01
3.250000000000000000e+00 1.976515825070154220e-01
3.300000000000000266e+00 2.087051673745649871e-01
3.350000000000000089e+00 2.191045472501446933e-01
3.400000000000000355e+00 2.286746179175145333e-01
3.450000000000000178e+00 2.372731527795961248e-01
3.500000000000000000e+00 2.448245470971911475e-01
3.550000000000000266e+00 2.512830772491256859e-01
3.600000000000000089e+00 2.566482860614089923e-01
3.650000000000000355e+00 2.609686362109329694e-01
3.700000000000000178e+00 2.643166182991923407e-01
3.750000000000000000e+00 2.668019359430456316e-01
3.800000000000000266e+00 2.685546597581403017e-01
3.850000000000000089e+00 2.697153824509835873e-01
3.900000000000000355e+00 2.704296817331169889e-01
3.950000000000000178e+00 2.708456483555043426e-01
4.000000000000000000e+00 2.710950847860066903e-01
4.049999999999999822e+00 2.712914255946886621e-01
4.100000000000000533e+00 2.715321811629833881e-01
4.150000000000000355e+00 2.718801073355509024e-01
4.200000000000000178e+00 2.723744103042075593e-01
4.250000000000000000e+00 2.730236235764103014e-01
4.299999999999999822e+00 2.738033192372216207e-01
4.350000000000000533e+00 2.746638748918986961e-01
4.400000000000000355e+00 2.755316130099811911e-01
4.450000000000000178e+00 2.763101964332790872e-01
4.500000000000000000e+00 2.768956871354665283e-01
4.549999999999999822e+00 2.771739836222409381e-01
4.600000000000000533e+00 2.770319176891966606e-01
4.650000000000000355e+00 2.763635127331981467e-01
4.700000000000000178e+00 2.750759964737853891e-01
4.750000000000000000e+00 2.730956750954506296e-01
4.800000000000000711e+00 2.703771541556192481e-01
4.850000000000000533e+00 2.669011115368678522e-01
4.900000000000000355e+00 2.626819463569636248e-01
4.950000000000000178e+00 2.577701390221628919e-01
5.000000000000000000e+00 2.522479212290322792e-01
5.050000000000000711e+00 2.462317509505625723e-01
5.100000000000000533e+00 2.398677589949189115e-01
5.150000000000000355e+00 2.333276548927218919e-01
5.200000000000000178e+00 2.268043200254467040e-01
5.250000000000000000e+00 2.205032407316683818e-01
5.300000000000000711e+00 2.146360258813561350e-01
5.350000000000000533e+00 2.094139441232104326e-01
5.400000000000000355e+00 2.050360213407583510e-01
5.450000000000000178e+00 2.016836477774803515e-01
5.500000000000000000e+00 1.995157909351861214e-01
5.550000000000000711e+00 1.986561238618125835e-01
5.600000000000000533e+00 1.991907367955437769e-01
5.650000000000000355e+00 2.011669651950241944e-01
5.700000000000000178e+00 2.045832234148231565e-01
5.750000000000000000e+00 2.093904286519830404e-01
5.800000000000000711e+00 2.154996346743120461e-01
5.850000000000000533e+00 2.227753938806356915e-01
5.900000000000000355e+00 2.310457026036230321e-01
5.950000000000000178e+00 2.401081134040622400e-01
6.000000000000000000e+00 2.497322469804942602e-01
6.050000000000000711e+00 2.596727393685376861e-01
6.100000000000000533e+00 2.696773581514193552e-01
6.150000000000000355e+00 2.794947669125549261e-01
6.200000000000000178e+00 2.888856971083946235e-01
6.250000000000000000e+00 2.976326106413079153e-01
6.300000000000000711e+00 3.055390833509272208e-01
6.350000000000000533e+00 3.124601492910330514e-01
6.400000000000000355e+00 3.182674435844349281e-01
6.450000000000000178e+00 3.228900754252334582e-01
6.500000000000000000e+00 3.262972175199016500e-01
6.550000000000000711e+00 3.285008499982263186e-01
6.600000000000000533e+00 3.295510621835563980e-01
6.650000000000000355e+00 3.295354801957240953e-01
6.700000000000000178e+00 3.285720348396782287e-01
6.750000000000000000e+00 3.267883392498024397e-01
6.800000000000000711e+00 3.243364004016024982e-01
6.850000000000000533e+00 3.213678513957363703e-01
6.900000000000000355e+00 3.180298246363640891e-01
6.950000000000000178e+00 3.144574467895664971e-01
7.000000000000000000e+00 3.107645071013356297e-01
7.050000000000000711e+00 3.070381512795669066e-01
7.100000000000000533e+00 3.033353288423267236e-01
7.150000000000000355e+00 2.996820777226258392e-01
7.200000000000000178e+00 2.960712775196334134e-01
7.250000000000000000e+00 2.924653882349810274e-01
7.300000000000000711e+00 2.888014648226208125e-01
7.350000000000000533e+00 2.849976667968562305e-01
7.400000000000000355e+00 2.809587078118138681e-01
7.450000000000000178e+00 2.765857141960569865e-01
7.500000000000000000e+00 2.717844139618587063e-01
7.550000000000000711e+00 2.664746162133695417e-01
7.600000000000000533e+00 2.605980800415310106e-01
7.650000000000000355e+00 2.541259312429699491e-01
7.700000000000000178e+00 2.470646172025759701e-01
7.750000000000000000e+00 2.394592378707245950e-01
7.800000000000000711e+00 2.313958613247233675e-01
7.850000000000000533e+00 2.230005772650590079e-01
7.900000000000000355e+00 2.144347794701858545e-01
7.950000000000000178e+00 2.058914933117478863e-01
8.000000000000000000e+00 1.975875909685258780e-01
8.050000000000000711e+00 1.897536814958453444e-01
8.099999999999999645e+00 1.826242263567620927e-01
8.150000000000000355e+00 1.764264201495390760e-01
8.200000000000001066e+00 1.713685580060681224e-01
8.250000000000000000e+00 1.676296920740618646e-01
8.300000000000000711e+00 1.653498744170466550e-01
8.349999999999999645e+00 1.646222413999987588e-01
8.400000000000000355e+00 1.654863986283763300e-01
8.450000000000001066e+00 1.679257353319677515e-01
8.500000000000000000e+00 1.718658273151657256e-01
8.550000000000000711e+00 1.771767964000781626e-01
8.599999999999999645e+00 1.836780576021376787e-01
8.650000000000000355e+00 1.911452673159757809e-01
8.700000000000001066e+00 1.993184491990340479e-01
8.750000000000000000e+00 2.079137899718800364e-01
8.800000000000000711e+00 2.166355179503652306e-01
8.849999999999999645e+00 2.251876526200441431e-01
8.900000000000000355e+00 2.332864090070876362e-01
8.950000000000001066e+00 2.406722711356403532e-01
9.000000000000000000e+00 2.471192083166966480e-01
9.050000000000000711e+00 2.524447120390681532e-01
9.099999999999999645e+00 2.565144238463221149e-01
9.150000000000000355e+00 2.592462820202114937e-01
9.200000000000001066e+00 2.606125638738188144e-01
9.250000000000000000e+00 2.606379184137901373e-01
9.300000000000000711e+00 2.593954482097254322e-01
9.349999999999999645e+00 2.570002328311065121e-01
9.400000000000000355e+00 2.536020947655001634e-01
9.450000000000001066e+00 2.493758392918752065e-01
9.500000000000000000e+00 2.445120514370261455e-01
9.550000000000000711e+00 2.392055602511442836e-01
9.600000000000001421e+00 2.336455901362561316e-01
9.650000000000000355e+00 2.280067851572861459e-01
9.700000000000001066e+00 2.224411720567432971e-01
9.750000000000000000e+00 2.170724427915411980e-01
9.800000000000000711e+00 2.119919666259317548e-01
9.850000000000001421e+00 2.072566866934545393e-01
9.900000000000000355e+00 2.028892927218249043e-01
9.950000000000001066e+00 1.988815733959139187e-01
