0.000000000000000000e+00 1.250470811806016777e-03
5.000000000000000278e-02 4.958576501114283011e-03
1.000000000000000056e-01 1.099018448131433567e-02
1.500000000000000222e-01 1.912529796248131631e-02
2.000000000000000111e-01 2.906809165141688647e-02
2.500000000000000000e-01 4.046080385405444180e-02
3.000000000000000444e-01 5.290090550611008247e-02
3.500000000000000333e-01 6.595963060190182525e-02
4.000000000000000222e-01 7.920119855300801481e-02
4.500000000000000111e-01 9.220377404990520720e-02
5.000000000000000000e-01 1.045774947381792469e-01
5.500000000000000444e-01 1.159810829422091849e-01
6.000000000000000888e-01 1.261363180432382436e-01
6.500000000000000222e-01 1.348367249194998008e-01
7.000000000000000666e-01 1.419594611841557552e-01
7.500000000000000000e-01 1.474603722486021173e-01
8.000000000000000444e-01 1.513770820896420677e-01
8.500000000000000888e-01 1.538181704736532596e-01
9.000000000000000222e-01 1.549617225266285148e-01
9.500000000000000666e-01 1.550344851441089467e-01
1.000000000000000000e+00 1.543047605840480452e-01
1.050000000000000044e+00 1.530459783350472391e-01
1.100000000000000089e+00 1.515569366490476244e-01
1.150000000000000133e+00 1.501134363143563077e-01
1.200000000000000178e+00 1.489477021259919820e-01
1.250000000000000000e+00 1.482731488018830535e-01
1.300000000000000044e+00 1.482355088942390042e-01
1.350000000000000089e+00 1.489264969768636648e-01
1.400000000000000133e+00 1.503578205839264936e-01
1.450000000000000178e+00 1.524981841956039308e-01
1.500000000000000000e+00 1.552538107125513711e-01
1.550000000000000044e+00 1.584745145043830183e-01
1.600000000000000089e+00 1.619695469602862592e-01
1.650000000000000133e+00 1.655207955676498977e-01
1.700000000000000178e+00 1.688810703164273508e-01
1.750000000000000000e+00 1.718086898752187730e-01
1.800000000000000044e+00 1.740793430617832149e-01
1.850000000000000089e+00 1.755003791746527209e-01
1.900000000000000133e+00 1.759064011513446213e-01
1.950000000000000178e+00 1.751633118298339120e-01
2.000000000000000000e+00 1.732473643214589021e-01
2.050000000000000266e+00 1.701627504250999290e-01
2.100000000000000089e+00 1.659914299830555218e-01
2.149999999999999911e+00 1.608668038456440019e-01
2.200000000000000178e+00 1.549803396476387152e-01
2.250000000000000000e+00 1.485683674039758873e-01
2.300000000000000266e+00 1.419040671656899844e-01
2.350000000000000089e+00 1.352838384447177245e-01
2.400000000000000355e+00 1.290138284025691418e-01
2.450000000000000178e+00 1.233954216366618950e-01
2.500000000000000000e+00 1.187128597739037783e-01
2.550000000000000266e+00 1.152194217421022571e-01
2.600000000000000089e+00 1.131257471687122373e-01
2.650000000000000355e+00 1.125916690596216324e-01
2.700000000000000178e+00 1.137204626156074899e-01
2.750000000000000000e+00 1.165512585262636069e-01
2.800000000000000266e+00 1.210622091543816919e-01
2.850000000000000089e+00 1.271713642701645941e-01
2.900000000000000355e+00 1.347410523663436777e-01
2.950000000000000178e+00 1.435859341415878510e-01
3.000000000000000000e+00 1.534795373591694156e-01
3.050000000000000266e+00 1.641671606677941597e-01
3.100000000000000089e+00 1.753746136384002063e-01
3.150000000000000355e+00 1.868218545248551132e-01
3.200000000000000178e+00 1.982325294139199445e-01
3.250000000000000000e+00 2.093458134320222708e-01
3.300000000000000266e+00 2.199310278616995185e-01
3.350000000000000089e+00 2.297886531913139463e-01
3.400000000000000355e+00 2.387574949124446066e-01
3.450000000000000178e+00 2.467206524160396042e-01
3.500000000000000000e+00 2.536044751880379700e-01
3.550000000000000266e+00 2.593862424615405726e-01
3.600000000000000089e+00 2.640859789975809613e-01
3.650000000000000355e+00 2.677625627529954810e-01
3.700000000000000178e+00 2.705092449198530646e-01
3.750000000000000000e+00 2.724451495888659536e-01
3.800000000000000266e+00 2.737122617424783133e-01
3.850000000000000089e+00 2.744622617707359047e-01
3.900000000000000355e+00 2.748503072795267510e-01
3.950000000000000178e+00 2.750215794476934539e-01
4.000000000000000000e+00 2.751119895338100529e-01
4.049999999999999822e+00 2.752372891158065271e-01
4.100000000000000533e+00 2.754893197816862815e-01
4.150000000000000355e+00 2.759301120770973892e-01
4.200000000000000178e+00 2.765946504882443313e-01
4.250000000000000000e+00 2.774820125598849718e-01
4.299999999999999822e+00 2.785631120180858122e-01
4.350000000000000533e+00 2.797821061738114401e-01
4.400000000000000355e+00 2.810546491400023328e-01
4.450000000000000178e+00 2.822807947930950356e-01
4.500000000000000000e+00 2.833470007002988345e-01
4.549999999999999822e+00 2.841335124762190967e-01
4.600000000000000533e+00 2.845207487280317915e-01
4.650000000000000355e+00 2.843976955008692964e-01
4.700000000000000178e+00 2.836651468484861494e-01
4.750000000000000000e+00 2.822449355348448097e-01
4.800000000000000711e+00 2.800838997638398498e-01
4.850000000000000533e+00 2.771576442071867485e-01
4.900000000000000355e+00 2.734730651962754555e-01
4.950000000000000178e+00 2.690817734803083172e-01
5.000000000000000000e+00 2.640440762542331510e-01
5.050000000000000711e+00 2.584826327107095367e-01
5.100000000000000533e+00 2.525243195285912789e-01
5.150000000000000355e+00 2.463434126566295956e-01
5.200000000000000178e+00 2.401120494269396444e-01
5.250000000000000000e+00 2.340387587377492640e-01
5.300000000000000711e+00 2.283242089786733930e-01
5.350000000000000533e+00 2.231743850758957648e-01
5.400000000000000355e+00 2.187884329296501951e-01
5.450000000000000178e+00 2.153448609840326045e-01
5.500000000000000000e+00 2.129967157875945205e-01
5.550000000000000711e+00 2.118773658833682239e-01
5.600000000000000533e+00 2.120732731771431123e-01
5.650000000000000355e+00 2.136370206113821779e-01
5.700000000000000178e+00 2.165773455555021210e-01
5.750000000000000000e+00 2.208624395601952173e-01
5.800000000000000711e+00 2.264166793663413002e-01
5.850000000000000533e+00 2.331266396489362069e-01
5.900000000000000355e+00 2.408381722660415392e-01
5.950000000000000178e+00 2.493714804074864955e-01
6.000000000000000000e+00 2.585198417009775262e-01
6.050000000000000711e+00 2.680615981157892791e-01
6.100000000000000533e+00 2.777588265156866743e-01
6.150000000000000355e+00 2.873845935183792499e-01
6.200000000000000178e+00 2.967172136654169234e-01
6.250000000000000000e+00 3.055551155927884732e-01
6.300000000000000711e+00 3.137170653358023475e-01
6.350000000000000533e+00 3.210513129196648774e-01
6.400000000000000355e+00 3.274398853776870899e-01
6.450000000000000178e+00 3.328015170082153085e-01
6.500000000000000000e+00 3.370907448149109142e-01
6.550000000000000711e+00 3.403045235441834460e-01
6.600000000000000533e+00 3.424675596829194202e-01
6.650000000000000355e+00 3.436355054145816545e-01
6.700000000000000178e+00 3.438887715785247656e-01
6.750000000000000000e+00 3.433254399980514848e-01
6.800000000000000711e+00 3.420544237677597410e-01
6.850000000000000533e+00 3.401869761310347684e-01
6.900000000000000355e+00 3.378285011563757489e-01
6.950000000000000178e+00 3.350740939129240314e-01
7.000000000000000000e+00 3.320003474410848088e-01
7.050000000000000711e+00 3.286631382824982128e-01
7.100000000000000533e+00 3.251001232672233177e-01
7.150000000000000355e+00 3.213069470821703910e-01
7.200000000000000178e+00 3.172669840718248535e-01
7.250000000000000000e+00 3.129423267935057540e-01
7.300000000000000711e+00 3.082760692254094548e-01
7.350000000000000533e+00 3.031998322514768418e-01
7.400000000000000355e+00 2.976421003976373325e-01
7.450000000000000178e+00 2.915329257284013931e-01
7.500000000000000000e+00 2.848133075758651489e-01
7.550000000000000711e+00 2.774396592529112526e-01
7.600000000000000533e+00 2.693954553534314567e-01
7.650000000000000355e+00 2.606958008936719473e-01
7.700000000000000178e+00 2.513909951220941186e-01
7.750000000000000000e+00 2.415677971472071639e-01
7.800000000000000711e+00 2.313528035586125409e-01
7.850000000000000533e+00 2.209035147061734483e-01
7.900000000000000355e+00 2.104149204399601014e-01
7.950000000000000178e+00 2.001033397908291434e-01
8.000000000000000000e+00 1.902058554322633155e-01
8.050000000000000711e+00 1.809755140328884460e-01
8.099999999999999645e+00 1.726485976606310646e-01
8.150000000000000355e+00 1.654571334872641519e-01
8.200000000000001066e+00 1.596120283925972771e-01
8.250000000000000000e+00 1.552901976260213368e-01
8.300000000000000711e+00 1.526301760350352033e-01
8.349999999999999645e+00 1.517165146072631532e-01
8.400000000000000355e+00 1.525864081502060210e-01
8.450000000000001066e+00 1.552173303011823435e-01
8.500000000000000000e+00 1.595314309242684414e-01
8.550000000000000711e+00 1.653936582894336149e-01
8.599999999999999645e+00 1.726231701924657302e-01
8.650000000000000355e+00 1.809921037812244060e-01
8.700000000000001066e+00 1.902392934785022971e-01
8.750000000000000000e+00 2.000752504933020481e-01
8.800000000000000711e+00 2.101989216762746304e-01
8.849999999999999645e+00 2.203064771098658392e-01
8.900000000000000355e+00 2.301052214007593688e-01
8.950000000000001066e+00 2.393222288984535873e-01
9.000000000000000000e+00 2.477167885215012522e-01
9.050000000000000711e+00 2.550878260614631299e-01
9.099999999999999645e+00 2.612803797787345839e-01
9.150000000000000355e+00 2.661909661423982332e-01
9.200000000000001066e+00 2.697663043661177595e-01
9.250000000000000000e+00 2.720054981989931120e-01
9.300000000000000711e+00 2.729538870577635779e-01
9.349999999999999645e+00 2.727001036742753848e-01
9.400000000000000355e+00 2.713667228007195509e-01
9.450000000000001066e+00 2.691041041188288463e-01
9.500000000000000000e+00 2.660798197604809512e-01
9.550000000000000711e+00 2.624689650198005486e-01
9.600000000000001421e+00 2.584434004109393834e-01
9.650000000000000355e+00 2.541635195416492299e-01
9.700000000000001066e+00 2.497694312362526703e-01
9.750000000000000000e+00 2.453749310952740015e-01
9.800000000000000711e+00 2.410627059217166357e-01
9.850000000000001421e+00 2.368823894312798162e-01
9.900000000000000355e+00 2.328501141379941131e-01
9.950000000000001066e+00 2.289507756274537231e-01
