0.000000000000000000e+00 1.242203989452505273e-03
5.000000000000000278e-02 4.924320202425798605e-03
1.000000000000000056e-01 1.091141663176361382e-02
1.500000000000000222e-01 1.898425797158250286e-02
2.000000000000000111e-01 2.884611210696723729e-02
2.500000000000000000e-01 4.013951050851679442e-02
3.000000000000000444e-01 5.246331960336156341e-02
3.500000000000000333e-01 6.538905378898422771e-02
4.000000000000000222e-01 7.848381242269625302e-02
4.500000000000000111e-01 9.132856059035351914e-02
5.000000000000000000e-01 1.035357076764396034e-01
5.500000000000000444e-01 1.147677471760451262e-01
6.000000000000000888e-01 1.247496450722741790e-01
6.500000000000000222e-01 1.332796874763372830e-01
7.000000000000000666e-01 1.402358973272581355e-01
7.500000000000000000e-01 1.455801806291429634e-01
8.000000000000000444e-01 1.493519656539160634e-01
8.500000000000000888e-01 1.516671980230566430e-01
9.000000000000000222e-01 1.527049051939865509e-01
9.500000000000000666e-01 1.526960627584949548e-01
1.000000000000000000e+00 1.519055519721184411e-01
1.050000000000000044e+00 1.506215886630810630e-01
1.100000000000000089e+00 1.491316816327333261e-01
1.150000000000000133e+00 1.477084124705753954e-01
1.200000000000000178e+00 1.465988780093969712e-01
1.250000000000000000e+00 1.459995545849994691e-01
1.300000000000000044e+00 1.460587832444020795e-01
1.350000000000000089e+00 1.468618446225612162e-01
1.400000000000000133e+00 1.484313665996678244e-01
1.450000000000000178e+00 1.507360099427550171e-01
1.500000000000000000e+00 1.536668665092625063e-01
1.550000000000000044e+00 1.570692241695120506e-01
1.600000000000000089e+00 1.607450858704178864e-01
1.650000000000000133e+00 1.644739520267246291e-01
1.700000000000000178e+00 1.680140573182273833e-01
1.750000000000000000e+00 1.711253525456673807e-01
1.800000000000000044e+00 1.735809941842494097e-01
1.850000000000000089e+00 1.751832944734925956e-01
1.900000000000000133e+00 1.757781066690352056e-01
1.950000000000000178e+00 1.752579383857221229e-01
2.000000000000000000e+00 1.735667082691042251e-01
2.050000000000000266e+00 1.707241661181244929e-01
2.100000000000000089e+00 1.668086368359938121e-01
2.149999999999999911e+00 1.619570749353647643e-01
2.200000000000000178e+00 1.563603676931662745e-01
2.250000000000000000e+00 1.502565908005101258e-01
2.300000000000000266e+00 1.439171253164253372e-01
2.350000000000000089e+00 1.376376482891053799e-01
2.400000000000000355e+00 1.317217163660114876e-01
2.450000000000000178e+00 1.264694103648161538e-01
2.500000000000000000e+00 1.221622635814061386e-01
2.550000000000000266e+00 1.190491056069471476e-01
2.600000000000000089e+00 1.173392346712708867e-01
2.650000000000000355e+00 1.171897724674194480e-01
2.700000000000000178e+00 1.187017473381314359e-01
2.750000000000000000e+00 1.219121331029044270e-01
2.800000000000000266e+00 1.267954530722042450e-01
2.850000000000000089e+00 1.332678405544022449e-01
2.900000000000000355e+00 1.411845901700210515e-01
2.950000000000000178e+00 1.503525039897719573e-01
3.000000000000000000e+00 1.605411591297077611e-01
3.050000000000000266e+00 1.714898915431971593e-01
3.100000000000000089e+00 1.829189300399883811e-01
3.150000000000000355e+00 1.945506458829472929e-01
3.200000000000000178e+00 2.060926889395690853e-01
3.250000000000000000e+00 2.172836476256621574e-01
3.300000000000000266e+00 2.278930535484181563e-01
3.350000000000000089e+00 2.377133841018719829e-01
3.400000000000000355e+00 2.465867402644625339e-01
3.450000000000000178e+00 2.543980557693725775e-01
3.500000000000000000e+00 2.610835610367563397e-01
3.550000000000000266e+00 2.666224684297888725e-01
3.600000000000000089e+00 2.710427537706379675e-01
3.650000000000000355e+00 2.744127296298299878e-01
3.700000000000000178e+00 2.768368839176333362e-01
3.750000000000000000e+00 2.784499107923852357e-01
3.800000000000000266e+00 2.794038210503863029e-01
3.850000000000000089e+00 2.798635285490408409e-01
3.900000000000000355e+00 2.799850803882221184e-01
3.950000000000000178e+00 2.799327389991502213e-01
4.000000000000000000e+00 2.798495668528651614e-01
4.049999999999999822e+00 2.798545987522655376e-01
4.100000000000000533e+00 2.800442461280907014e-01
4.150000000000000355e+00 2.804847216959916456e-01
4.200000000000000178e+00 2.812024009846204597e-01
4.250000000000000000e+00 2.821976397965341166e-01
4.299999999999999822e+00 2.834446131795683721e-01
4.350000000000000533e+00 2.848587045817521646e-01
4.400000000000000355e+00 2.863559316096799257e-01
4.450000000000000178e+00 2.878255076310273219e-01
4.500000000000000000e+00 2.891441213209338112e-01
4.549999999999999822e+00 2.901826753886217469e-01
4.600000000000000533e+00 2.908146003806949542e-01
4.650000000000000355e+00 2.909231305843727466e-01
4.700000000000000178e+00 2.904049629696369150e-01
4.750000000000000000e+00 2.891807708464551596e-01
4.800000000000000711e+00 2.871980965362749827e-01
4.850000000000000533e+00 2.844361250405346153e-01
4.900000000000000355e+00 2.809079052399084397e-01
4.950000000000000178e+00 2.766573609172746639e-01
5.000000000000000000e+00 2.717676699669467344e-01
5.050000000000000711e+00 2.663516780367338188e-01
5.100000000000000533e+00 2.605495431015873997e-01
5.150000000000000355e+00 2.545260321755752897e-01
5.200000000000000178e+00 2.484623147882476790e-01
5.250000000000000000e+00 2.425476682397579298e-01
5.300000000000000711e+00 2.369749495382144355e-01
5.350000000000000533e+00 2.319342334417582863e-01
5.400000000000000355e+00 2.276015225519036622e-01
5.450000000000000178e+00 2.241345595269835789e-01
5.500000000000000000e+00 2.216658124916011663e-01
5.550000000000000711e+00 2.202969025138288850e-01
5.600000000000000533e+00 2.200963191390860885e-01
5.650000000000000355e+00 2.210949670081348017e-01
5.700000000000000178e+00 2.232862286007955832e-01
5.750000000000000000e+00 2.266243863470173980e-01
5.800000000000000711e+00 2.310282709997404371e-01
5.850000000000000533e+00 2.363852707525523067e-01
5.900000000000000355e+00 2.425545267684022510e-01
5.950000000000000178e+00 2.493732092873083561e-01
6.000000000000000000e+00 2.566638234299634114e-01
6.050000000000000711e+00 2.642372868240857597e-01
6.100000000000000533e+00 2.719045566348370357e-01
6.150000000000000355e+00 2.794808024131037461e-01
6.200000000000000178e+00 2.867933482080359808e-01
6.250000000000000000e+00 2.936870761080517811e-01
6.300000000000000711e+00 3.000290963773993291e-01
6.350000000000000533e+00 3.057129569686911075e-01
6.400000000000000355e+00 3.106608358722545149e-01
6.450000000000000178e+00 3.148244199363819940e-01
6.500000000000000000e+00 3.181852639972047592e-01
6.550000000000000711e+00 3.207526257438197415e-01
6.600000000000000533e+00 3.225602144309508423e-01
6.650000000000000355e+00 3.236630301392042219e-01
6.700000000000000178e+00 3.241321020117622909e-01
6.750000000000000000e+00 3.240488944111081238e-01
6.800000000000000711e+00 3.234993166478416504e-01
6.850000000000000533e+00 3.225684646010981704e-01
6.900000000000000355e+00 3.213341442177008456e-01
6.950000000000000178e+00 3.198648305615324205e-01
7.000000000000000000e+00 3.182132048267736213e-01
7.050000000000000711e+00 3.164115299099097278e-01
7.100000000000000533e+00 3.144667594689152801e-01
7.150000000000000355e+00 3.123802070423111754e-01
7.200000000000000178e+00 3.101233186037826717e-01
7.250000000000000000e+00 3.076543171739377636e-01
7.300000000000000711e+00 3.049160782897666344e-01
7.350000000000000533e+00 3.018407304851283279e-01
7.400000000000000355e+00 2.983569585691049908e-01
7.450000000000000178e+00 2.944004000048264236e-01
7.500000000000000000e+00 2.899035453720783528e-01
7.550000000000000711e+00 2.848258533791107605e-01
7.600000000000000533e+00 2.791292830107035550e-01
7.650000000000000355e+00 2.728207540083781302e-01
7.700000000000000178e+00 2.659147975924288643e-01
7.750000000000000000e+00 2.584624497661842102e-01
7.800000000000000711e+00 2.505438418476607643e-01
7.850000000000000533e+00 2.422684309044139395e-01
7.900000000000000355e+00 2.337726291001144541e-01
7.950000000000000178e+00 2.252251596252324295e-01
8.000000000000000000e+00 2.168011500824421345e-01
8.050000000000000711e+00 2.087059751778909122e-01
8.099999999999999645e+00 2.011170843234361683e-01
8.150000000000000355e+00 1.942416901732405554e-01
8.200000000000001066e+00 1.882599845666959593e-01
8.250000000000000000e+00 1.833366925873000652e-01
8.300000000000000711e+00 1.796127834213717689e-01
8.349999999999999645e+00 1.771980151981218388e-01
8.400000000000000355e+00 1.761601927495006215e-01
8.450000000000001066e+00 1.765335160228288791e-01
8.500000000000000000e+00 1.783034411149842513e-01
8.550000000000000711e+00 1.814085195070122281e-01
8.599999999999999645e+00 1.857532508127448800e-01
8.650000000000000355e+00 1.911971248526339595e-01
8.700000000000001066e+00 1.975632504144171631e-01
8.750000000000000000e+00 2.046621456217844470e-01
8.800000000000000711e+00 2.122699622097825867e-01
8.849999999999999645e+00 2.201645004252676396e-01
8.900000000000000355e+00 2.281140359815528873e-01
8.950000000000001066e+00 2.358943897729004757e-01
9.000000000000000000e+00 2.432977104726852524e-01
9.050000000000000711e+00 2.501391850549653517e-01
9.099999999999999645e+00 2.562646855122167611e-01
9.150000000000000355e+00 2.615528744680878370e-01
9.200000000000001066e+00 2.659212959174535040e-01
9.250000000000000000e+00 2.693272423276981131e-01
9.300000000000000711e+00 2.717681789566403494e-01
9.349999999999999645e+00 2.732770536429354191e-01
9.400000000000000355e+00 2.739222771142036938e-01
9.450000000000001066e+00 2.737990063537995566e-01
9.500000000000000000e+00 2.730244348653088626e-01
9.550000000000000711e+00 2.717292188914281481e-01
9.600000000000001421e+00 2.700505333333920732e-01
9.650000000000000355e+00 2.681245088238325969e-01
9.700000000000001066e+00 2.660769360077342993e-01
9.750000000000000000e+00 2.640173220442715851e-01
9.800000000000000711e+00 2.620330240479319950e-01
9.850000000000001421e+00 2.601847270151192992e-01
9.900000000000000355e+00 2.585036860504545397e-01
9.950000000000001066e+00 2.569914778825712620e-01
