0.000000000000000000e+00 2.844595860427776691e-06
5.000000000000000278e-02 4.516132549852765058e-05
1.000000000000000056e-01 2.259735233232262788e-04
1.500000000000000222e-01 7.030768168264441183e-04
2.000000000000000111e-01 1.683070871015842187e-03
2.500000000000000000e-01 3.408490163375296495e-03
3.000000000000000444e-01 6.142763695262764764e-03
3.500000000000000333e-01 1.015376956842301698e-02
4.000000000000000222e-01 1.569723390870800955e-02
4.500000000000000111e-01 2.300029966421792207e-02
5.000000000000000000e-01 3.224662219703895716e-02
5.500000000000000444e-01 4.356422553820266802e-02
6.000000000000000888e-01 5.701606636917939258e-02
6.500000000000000222e-01 7.259357012212751259e-02
7.000000000000000666e-01 9.021387748997326816e-02
7.500000000000000000e-01 1.097231404033124219e-01
8.000000000000000444e-01 1.309017125763892730e-01
8.500000000000000888e-01 1.534715290706459290e-01
9.000000000000000222e-01 1.771103335605414275e-01
9.500000000000000666e-01 2.014663420787624060e-01
1.000000000000000000e+00 2.261739106598524840e-01
1.050000000000000044e+00 2.508646310714224281e-01
1.100000000000000089e+00 2.751927134843814571e-01
1.150000000000000133e+00 2.988489816271530652e-01
1.200000000000000178e+00 3.215704361986948534e-01
1.250000000000000000e+00 3.431534656924088433e-01
1.300000000000000044e+00 3.634647339686302159e-01
1.350000000000000089e+00 3.824421794936943009e-01
1.400000000000000133e+00 4.000954603804006138e-01
1.450000000000000178e+00 4.165008160069573195e-01
1.500000000000000000e+00 4.318063310088625095e-01
1.550000000000000044e+00 4.462053301350178969e-01
1.600000000000000089e+00 4.599334784700788159e-01
1.650000000000000133e+00 4.732506079336690208e-01
1.700000000000000178e+00 4.864216254501705916e-01
1.750000000000000000e+00 4.997014534445162193e-01
1.800000000000000044e+00 5.133212237216397966e-01
1.850000000000000089e+00 5.274697751825406788e-01
1.900000000000000133e+00 5.422811585319361471e-01
1.950000000000000178e+00 5.578247927641664106e-01
2.000000000000000000e+00 5.740944820787329261e-01
2.050000000000000266e+00 5.910086638599114650e-01
2.100000000000000089e+00 6.084094438033772478e-01
2.149999999999999911e+00 6.260648937894123245e-01
2.200000000000000178e+00 6.436786887578497263e-01
2.250000000000000000e+00 6.608994306048471268e-01
2.300000000000000266e+00 6.773366726120142456e-01
2.350000000000000089e+00 6.925701980423468740e-01
2.400000000000000355e+00 7.061744288163060990e-01
2.450000000000000178e+00 7.177336149185016279e-01
2.500000000000000000e+00 7.268531112932632432e-01
2.550000000000000266e+00 7.331836899429161614e-01
2.600000000000000089e+00 7.364315158645832193e-01
2.650000000000000355e+00 7.363694596651094715e-01
2.700000000000000178e+00 7.328523361990550988e-01
2.750000000000000000e+00 7.258161407754212258e-01
2.800000000000000266e+00 7.152844381438018262e-01
2.850000000000000089e+00 7.013666200629230518e-01
2.900000000000000355e+00 6.842549398507642433e-01
2.950000000000000178e+00 6.642140432696507224e-01
3.000000000000000000e+00 6.415752620744747947e-01
3.050000000000000266e+00 6.167229095220913004e-01
3.100000000000000089e+00 5.900800053123561595e-01
3.150000000000000355e+00 5.620945019575090962e-01
3.200000000000000178e+00 5.332245966653856861e-01
3.250000000000000000e+00 5.039238365031014633e-01
3.300000000000000266e+00 4.746254340289687290e-01
3.350000000000000089e+00 4.457322748136520740e-01
3.400000000000000355e+00 4.176049901494178207e-01
3.450000000000000178e+00 3.905523560933150673e-01
3.500000000000000000e+00 3.648292152445461456e-01
3.550000000000000266e+00 3.406315971507258844e-01
3.600000000000000089e+00 3.180909928607582593e-01
3.650000000000000355e+00 2.972832953339271667e-01
3.700000000000000178e+00 2.782269215084471892e-01
3.750000000000000000e+00 2.608898384059779585e-01
3.800000000000000266e+00 2.452017131326854060e-01
3.850000000000000089e+00 2.310528418817350549e-01
3.900000000000000355e+00 2.183075682717098842e-01
3.950000000000000178e+00 2.068166111488548842e-01
4.000000000000000000e+00 1.964232080699081506e-01
4.049999999999999822e+00 1.869675990225056483e-01
4.100000000000000533e+00 1.783002849127250655e-01
4.150000000000000355e+00 1.702829936258546395e-01
4.200000000000000178e+00 1.627981286570982511e-01
4.250000000000000000e+00 1.557504966988253192e-01
4.299999999999999822e+00 1.490686850736657465e-01
4.350000000000000533e+00 1.427065813217851253e-01
4.400000000000000355e+00 1.366423119419695464e-01
4.450000000000000178e+00 1.308790655066223441e-01
4.500000000000000000e+00 1.254374921819607636e-01
4.549999999999999822e+00 1.203546302940349255e-01
4.600000000000000533e+00 1.156794561700780766e-01
4.650000000000000355e+00 1.114679796743096030e-01
4.700000000000000178e+00 1.077777035901338332e-01
4.750000000000000000e+00 1.046634772066345892e-01
4.800000000000000711e+00 1.021725360374750868e-01
4.850000000000000533e+00 1.003413907852636344e-01
4.900000000000000355e+00 9.919200252806917306e-02
4.950000000000000178e+00 9.872843247401370814e-02
5.000000000000000000e+00 9.893577950934291654e-02
5.050000000000000711e+00 9.977935059115233818e-02
5.100000000000000533e+00 1.012049261345912138e-01
5.150000000000000355e+00 1.031397531082252628e-01
5.200000000000000178e+00 1.054955853202275556e-01
5.250000000000000000e+00 1.081713137854922457e-01
5.300000000000000711e+00 1.110567230749279904e-01
5.350000000000000533e+00 1.140379000482047572e-01
5.400000000000000355e+00 1.170014005666583506e-01
5.450000000000000178e+00 1.198388000448089297e-01
5.500000000000000000e+00 1.224549323081656621e-01
5.550000000000000711e+00 1.247686820544612052e-01
5.600000000000000533e+00 1.267183953940804464e-01
5.650000000000000355e+00 1.282674804614277742e-01
5.700000000000000178e+00 1.294017268980912350e-01
5.750000000000000000e+00 1.301333296936573736e-01
5.800000000000000711e+00 1.305031089847142334e-01
5.850000000000000533e+00 1.305753551823619907e-01
5.900000000000000355e+00 1.304376108691477354e-01
5.950000000000000178e+00 1.301946728107748752e-01
6.000000000000000000e+00 1.299657210132981744e-01
6.050000000000000711e+00 1.298792467771801296e-01
6.100000000000000533e+00 1.300660701389357299e-01
6.150000000000000355e+00 1.306544454629539054e-01
6.200000000000000178e+00 1.317637995054887490e-01
6.250000000000000000e+00 1.334983618994676491e-01
6.300000000000000711e+00 1.359446829712629978e-01
6.350000000000000533e+00 1.391726748808254643e-01
6.400000000000000355e+00 1.432189787237282963e-01
6.450000000000000178e+00 1.480988225446732143e-01
6.500000000000000000e+00 1.538024740050402683e-01
6.550000000000000711e+00 1.602972880709326586e-01
6.600000000000000533e+00 1.675303844986226198e-01
6.650000000000000355e+00 1.754366694762685974e-01
6.700000000000000178e+00 1.839401791760452709e-01
6.750000000000000000e+00 1.929598830989234792e-01
6.800000000000000711e+00 2.024193775559695596e-01
6.850000000000000533e+00 2.122504641270333836e-01
6.900000000000000355e+00 2.224002416631714329e-01
6.950000000000000178e+00 2.328348619182395718e-01
7.000000000000000000e+00 2.435426285908860455e-01
7.050000000000000711e+00 2.545362818367392088e-01
7.100000000000000533e+00 2.658537902116964724e-01
7.150000000000000355e+00 2.775553472215939732e-01
7.200000000000000178e+00 2.897189286609849757e-01
7.250000000000000000e+00 3.024382066853764095e-01
7.300000000000000711e+00 3.158112123950578831e-01
7.350000000000000533e+00 3.299343625982031347e-01
7.400000000000000355e+00 3.448933219405984074e-01
7.450000000000000178e+00 3.607529694476368509e-01
7.500000000000000000e+00 3.775482502603541568e-01
7.550000000000000711e+00 3.952760923855710429e-01
7.600000000000000533e+00 4.138874562485315711e-01
7.650000000000000355e+00 4.332824065177585671e-01
7.700000000000000178e+00 4.533081351346469057e-01
7.750000000000000000e+00 4.737550439700447535e-01
7.800000000000000711e+00 4.943621786121937811e-01
7.850000000000000533e+00 5.148196968765244019e-01
7.900000000000000355e+00 5.347788356041079938e-01
7.950000000000000178e+00 5.538603300946896013e-01
8.000000000000000000e+00 5.716670246534757416e-01
8.050000000000000711e+00 5.877977924828070577e-01
8.099999999999999645e+00 6.018618908142724377e-01
8.150000000000000355e+00 6.134939077241251537e-01
8.200000000000001066e+00 6.223683738929574050e-01
8.250000000000000000e+00 6.282133191545011819e-01
8.300000000000000711e+00 6.308217684572385853e-01
8.349999999999999645e+00 6.300616953654498698e-01
8.400000000000000355e+00 6.258811928634154809e-01
8.450000000000001066e+00 6.183129158853861718e-01
8.500000000000000000e+00 6.074731570039166861e-01
8.550000000000000711e+00 5.935590682284126451e-01
8.599999999999999645e+00 5.768406204177928265e-01
8.650000000000000355e+00 5.576517134723261160e-01
8.700000000000001066e+00 5.363776209812033402e-01
8.750000000000000000e+00 5.134403957218502956e-01
8.800000000000000711e+00 4.892834661913063043e-01
8.849999999999999645e+00 4.643555826413253707e-01
8.900000000000000355e+00 4.390952166745576979e-01
8.950000000000001066e+00 4.139149864986774174e-01
9.000000000000000000e+00 3.891891879615222427e-01
9.050000000000000711e+00 3.652421720453274401e-01
9.099999999999999645e+00 3.423405473586599856e-01
9.150000000000000355e+00 3.206867071681863135e-01
9.200000000000001066e+00 3.004159046462754890e-01
9.250000000000000000e+00 2.815976157311043115e-01
9.300000000000000711e+00 2.642395469560466781e-01
9.349999999999999645e+00 2.482932421080748242e-01
9.400000000000000355e+00 2.336623501353768395e-01
9.450000000000001066e+00 2.202130807748405306e-01
9.500000000000000000e+00 2.077844451726558184e-01
9.550000000000000711e+00 1.962011957940079931e-01
9.600000000000001421e+00 1.852849543636029550e-01
9.650000000000000355e+00 1.748648048754072593e-01
9.700000000000001066e+00 1.647870773092175722e-01
9.750000000000000000e+00 1.549228567442678672e-01
9.800000000000000711e+00 1.451737442917214183e-01
9.850000000000001421e+00 1.354756425796893593e-01
9.900000000000000355e+00 1.258003117501910184e-01
9.950000000000001066e+00 1.161534076657124576e-01
