0.000000000000000000e+00 2.800850549506590312e-06
5.000000000000000278e-02 4.445783453962148145e-05
1.000000000000000056e-01 2.224190204881897439e-04
1.500000000000000222e-01 6.920442207021531168e-04
2.000000000000000111e-01 1.656711045023262843e-03
2.500000000000000000e-01 3.355244529076945297e-03
3.000000000000000444e-01 6.047167379070596954e-03
3.500000000000000333e-01 9.996379872045468504e-03
4.000000000000000222e-01 1.545534795198236049e-02
4.500000000000000111e-01 2.264804112755352747e-02
5.000000000000000000e-01 3.175562493920262158e-02
5.500000000000000444e-01 4.290574770671970461e-02
6.000000000000000888e-01 5.616135646887952804e-02
6.500000000000000222e-01 7.151480210671291859e-02
7.000000000000000666e-01 8.888576007579600258e-02
7.500000000000000000e-01 1.081224634806893375e-01
8.000000000000000444e-01 1.290080320391412683e-01
8.500000000000000888e-01 1.512687432086874950e-01
9.000000000000000222e-01 1.745852290109842775e-01
9.500000000000000666e-01 1.986111265979396134e-01
1.000000000000000000e+00 2.229828746152111296e-01
1.050000000000000044e+00 2.473378616751176484e-01
1.100000000000000089e+00 2.713340673939550474e-01
1.150000000000000133e+00 2.946639954171019760e-01
1.200000000000000178e+00 3.170657494307776436e-01
1.250000000000000000e+00 3.383382027250665947e-01
1.300000000000000044e+00 3.583476347271277729e-01
1.350000000000000089e+00 3.770313847907274529e-01
1.400000000000000133e+00 3.943988523570389204e-01
1.450000000000000178e+00 4.105249661439022146e-01
1.500000000000000000e+00 4.255517577073513191e-01
1.550000000000000044e+00 4.396718316081489886e-01
1.600000000000000089e+00 4.531137001737637893e-01
1.650000000000000133e+00 4.661358522859031517e-01
1.700000000000000178e+00 4.790024342514312972e-01
1.750000000000000000e+00 4.919574182269934592e-01
1.800000000000000044e+00 5.052262294516970398e-01
1.850000000000000089e+00 5.189966602621223224e-01
1.900000000000000133e+00 5.333880344059883649e-01
1.950000000000000178e+00 5.484685857868020209e-01
2.000000000000000000e+00 5.642284395427740185e-01
2.050000000000000266e+00 5.805782055611178327e-01
2.100000000000000089e+00 5.973565689731297201e-01
2.149999999999999911e+00 6.143311716196078187e-01
2.200000000000000178e+00 6.312041253479013792e-01
2.250000000000000000e+00 6.476265723458773937e-01
2.300000000000000266e+00 6.632092966263585243e-01
2.350000000000000089e+00 6.775406557044826306e-01
2.400000000000000355e+00 6.902027040453132534e-01
2.450000000000000178e+00 7.007875427919288969e-01
2.500000000000000000e+00 7.089152894621822965e-01
2.550000000000000266e+00 7.142495919305126284e-01
2.600000000000000089e+00 7.165139972882650365e-01
2.650000000000000355e+00 7.154997083957647108e-01
2.700000000000000178e+00 7.110761311091569059e-01
2.750000000000000000e+00 7.031982657873407927e-01
2.800000000000000266e+00 6.919050576612894021e-01
2.850000000000000089e+00 6.773233451005730155e-01
2.900000000000000355e+00 6.596623928793303726e-01
2.950000000000000178e+00 6.392033727381526420e-01
3.000000000000000000e+00 6.162888140068090159e-01
3.050000000000000266e+00 5.913111244547463174e-01
3.100000000000000089e+00 5.646984295019288336e-01
3.150000000000000355e+00 5.368991769683015836e-01
3.200000000000000178e+00 5.083701986879425316e-01
3.250000000000000000e+00 4.795621376235763567e-01
3.300000000000000266e+00 4.508952237941836194e-01
3.350000000000000089e+00 4.227543952246521353e-01
3.400000000000000355e+00 3.954824099966239292e-01
3.450000000000000178e+00 3.693683775618994414e-01
3.500000000000000000e+00 3.446418458351902525e-01
3.550000000000000266e+00 3.214718748885571631e-01
3.600000000000000089e+00 2.999650514096242060e-01
3.650000000000000355e+00 2.801665465167797464e-01
3.700000000000000178e+00 2.620703867544859067e-01
3.750000000000000000e+00 2.456201571885324175e-01
3.800000000000000266e+00 2.307209212765083395e-01
3.850000000000000089e+00 2.172436240521303241e-01
3.900000000000000355e+00 2.050369048365273950e-01
3.950000000000000178e+00 1.939359173099723666e-01
4.000000000000000000e+00 1.837727578905856141e-01
4.049999999999999822e+00 1.743873611619089492e-01
4.100000000000000533e+00 1.656271404065012831e-01
4.150000000000000355e+00 1.573603457890603019e-01
4.200000000000000178e+00 1.494754096908813557e-01
4.250000000000000000e+00 1.418875483651151903e-01
4.299999999999999822e+00 1.345363633702814365e-01
4.350000000000000533e+00 1.273973628391497359e-01
4.400000000000000355e+00 1.204635651984095335e-01
4.450000000000000178e+00 1.137532053445773489e-01
4.500000000000000000e+00 1.073044369337123743e-01
4.549999999999999822e+00 1.011704661131613003e-01
4.600000000000000533e+00 9.541590401610625105e-02
4.650000000000000355e+00 9.011042475962532938e-02
4.700000000000000178e+00 8.532273866236474158e-02
4.750000000000000000e+00 8.111925947954411187e-02
4.800000000000000711e+00 7.755535647960419554e-02
4.850000000000000533e+00 7.467539446772974987e-02
4.900000000000000355e+00 7.250914873977039321e-02
4.950000000000000178e+00 7.106801979631857669e-02
5.000000000000000000e+00 7.034635274203676625e-02
5.050000000000000711e+00 7.032096363074383238e-02
5.100000000000000533e+00 7.095164330687515897e-02
5.150000000000000355e+00 7.218346204385543696e-02
5.200000000000000178e+00 7.394903762035209827e-02
5.250000000000000000e+00 7.617119673660113777e-02
5.300000000000000711e+00 7.876749598943547093e-02
5.350000000000000533e+00 8.165278076260330808e-02
5.400000000000000355e+00 8.474399294690754258e-02
5.450000000000000178e+00 8.796441549417079175e-02
5.500000000000000000e+00 9.124617053475293782e-02
5.550000000000000711e+00 9.453376122316313468e-02
5.600000000000000533e+00 9.778564664954202124e-02
5.650000000000000355e+00 1.009763855831701945e-01
5.700000000000000178e+00 1.040970158680612212e-01
5.750000000000000000e+00 1.071542754616321841e-01
5.800000000000000711e+00 1.101727476308414083e-01
5.850000000000000533e+00 1.131887244032916823e-01
5.900000000000000355e+00 1.162498539186260504e-01
5.950000000000000178e+00 1.194111115245660160e-01
6.000000000000000000e+00 1.227324137135726301e-01
6.050000000000000711e+00 1.262735574302712993e-01
6.100000000000000533e+00 1.300919867270439179e-01
6.150000000000000355e+00 1.342393522188090327e-01
6.200000000000000178e+00 1.387586243834814936e-01
6.250000000000000000e+00 1.436810304943453298e-01
6.300000000000000711e+00 1.490255376268201926e-01
6.350000000000000533e+00 1.547976383346919005e-01
6.400000000000000355e+00 1.609910621229337369e-01
6.450000000000000178e+00 1.675870127803521792e-01
6.500000000000000000e+00 1.745573243525530283e-01
6.550000000000000711e+00 1.818670075112384099e-01
6.600000000000000533e+00 1.894777532565053990e-01
6.650000000000000355e+00 1.973517277274016990e-01
6.700000000000000178e+00 2.054554054626657189e-01
6.750000000000000000e+00 2.137630164292105839e-01
6.800000000000000711e+00 2.222600062308076330e-01
6.850000000000000533e+00 2.309457282348137963e-01
6.900000000000000355e+00 2.398366719193428531e-01
6.950000000000000178e+00 2.489708022648535468e-01
7.000000000000000000e+00 2.583976761779853137e-01
7.050000000000000711e+00 2.681896815170053405e-01
7.100000000000000533e+00 2.784289287233340793e-01
7.150000000000000355e+00 2.892078456494877048e-01
7.200000000000000178e+00 3.006243914166589759e-01
7.250000000000000000e+00 3.127772649615090939e-01
7.300000000000000711e+00 3.257595586937770960e-01
7.350000000000000533e+00 3.396511598965455403e-01
7.400000000000000355e+00 3.545119184250222766e-01
7.450000000000000178e+00 3.703722329263627877e-01
7.500000000000000000e+00 3.872397894095113147e-01
7.550000000000000711e+00 4.050735854945534675e-01
7.600000000000000533e+00 4.237970613383701957e-01
7.650000000000000355e+00 4.432833802326605066e-01
7.700000000000000178e+00 4.633655805259696558e-01
7.750000000000000000e+00 4.838292333084475150e-01
7.800000000000000711e+00 5.044179012415209717e-01
7.850000000000000533e+00 5.248416566546345585e-01
7.900000000000000355e+00 5.447738946690201534e-01
7.950000000000000178e+00 5.638697252229719625e-01
8.000000000000000000e+00 5.817698127737958025e-01
8.050000000000000711e+00 5.981038130910271144e-01
8.099999999999999645e+00 6.125310593259311043e-01
8.150000000000000355e+00 6.247137732332880278e-01
8.200000000000001066e+00 6.343532621570517893e-01
8.250000000000000000e+00 6.411908958308034645e-01
8.300000000000000711e+00 6.450140054464087447e-01
8.349999999999999645e+00 6.456815900381315254e-01
8.400000000000000355e+00 6.431104738781016072e-01
8.450000000000001066e+00 6.372846432818366491e-01
8.500000000000000000e+00 6.282591540294226728e-01
8.550000000000000711e+00 6.161583707736845161e-01
8.599999999999999645e+00 6.011698402366263405e-01
8.650000000000000355e+00 5.835396002035986296e-01
8.700000000000001066e+00 5.635674330641490259e-01
8.750000000000000000e+00 5.415941708910462227e-01
8.800000000000000711e+00 5.179827841559117019e-01
8.849999999999999645e+00 4.931184478901103341e-01
8.900000000000000355e+00 4.673913109497547791e-01
8.950000000000001066e+00 4.411834449662292990e-01
9.000000000000000000e+00 4.148574595851521885e-01
9.050000000000000711e+00 3.887453397152019763e-01
9.099999999999999645e+00 3.631396324254557717e-01
9.150000000000000355e+00 3.382868655633336497e-01
9.200000000000001066e+00 3.143824698329044098e-01
9.250000000000000000e+00 2.915665404259991100e-01
9.300000000000000711e+00 2.699264775866013766e-01
9.349999999999999645e+00 2.494976173402987663e-01
9.400000000000000355e+00 2.302662158371870937e-01
9.450000000000001066e+00 2.121792569161202735e-01
9.500000000000000000e+00 1.951501418750048455e-01
9.550000000000000711e+00 1.790670858632213147e-01
9.600000000000001421e+00 1.638036211060282521e-01
9.650000000000000355e+00 1.492279893338687713e-01
9.700000000000001066e+00 1.352136157838587927e-01
9.750000000000000000e+00 1.216480942954558109e-01
9.800000000000000711e+00 1.084396073153181816e-01
9.850000000000001421e+00 9.552465255350775508e-02
9.900000000000000355e+00 8.287196714241211459e-02
9.950000000000001066e+00 7.048509216307891068e-02
