0.000000000000000000e+00 2.837600801724594327e-06
5.000000000000000278e-02 4.505764079786174595e-05
1.000000000000000056e-01 2.254741249449766500e-04
1.500000000000000222e-01 7.016023568771736010e-04
2.000000000000000111e-01 1.679733931595939591e-03
2.500000000000000000e-01 3.402270654945298289e-03
3.000000000000000444e-01 6.132441645073524739e-03
3.500000000000000333e-01 1.013809572257739176e-02
4.000000000000000222e-01 1.567510667310627673e-02
4.500000000000000111e-01 2.297065099105196143e-02
5.000000000000000000e-01 3.220860141456705766e-02
5.500000000000000444e-01 4.351717504209424991e-02
6.000000000000000888e-01 5.695932617762259481e-02
6.500000000000000222e-01 7.252659200069265510e-02
7.000000000000000666e-01 9.013713291044513076e-02
7.500000000000000000e-01 1.096365453441834475e-01
8.000000000000000444e-01 1.308047790885392969e-01
8.500000000000000888e-01 1.533597421896399915e-01
9.000000000000000222e-01 1.769805019988004990e-01
9.500000000000000666e-01 2.013092983238799205e-01
1.000000000000000000e+00 2.259812111529001244e-01
1.050000000000000044e+00 2.506249635681382926e-01
1.100000000000000089e+00 2.748974247042614283e-01
1.150000000000000133e+00 2.984809437026247347e-01
1.200000000000000178e+00 3.211167266087863181e-01
1.250000000000000000e+00 3.425981910192368307e-01
1.300000000000000044e+00 3.627877619499923489e-01
1.350000000000000089e+00 3.816214038308435308e-01
1.400000000000000133e+00 3.991046819728821804e-01
1.450000000000000178e+00 4.153246132338101471e-01
1.500000000000000000e+00 4.304239896194126946e-01
1.550000000000000044e+00 4.445923632260356251e-01
1.600000000000000089e+00 4.580637629268807243e-01
1.650000000000000133e+00 4.710993229341353117e-01
1.700000000000000178e+00 4.839743438669791842e-01
1.750000000000000000e+00 4.969375055142471465e-01
1.800000000000000044e+00 5.102172486601351808e-01
1.850000000000000089e+00 5.240103149798437387e-01
1.900000000000000133e+00 5.384402207704453991e-01
1.950000000000000178e+00 5.535304273414147769e-01
2.000000000000000000e+00 5.693299212075930704e-01
2.050000000000000266e+00 5.857458708276559456e-01
2.100000000000000089e+00 6.026226967937622359e-01
2.149999999999999911e+00 6.197273352068584096e-01
2.200000000000000178e+00 6.367659030104042550e-01
2.250000000000000000e+00 6.533878396835326452e-01
2.300000000000000266e+00 6.692048354020866396e-01
2.350000000000000089e+00 6.838014225503664667e-01
2.400000000000000355e+00 6.967581325043964435e-01
2.450000000000000178e+00 7.076650768369366906e-01
2.500000000000000000e+00 7.161373993533547422e-01
2.550000000000000266e+00 7.218358688891187702e-01
2.600000000000000089e+00 7.244787236580735312e-01
2.650000000000000355e+00 7.238529310733711197e-01
2.700000000000000178e+00 7.198239989666427308e-01
2.750000000000000000e+00 7.123398842829924416e-01
2.800000000000000266e+00 7.014348688291351941e-01
2.850000000000000089e+00 6.872294886537009262e-01
2.900000000000000355e+00 6.699211309701151862e-01
2.950000000000000178e+00 6.497828639304845666e-01
3.000000000000000000e+00 6.271508437053180396e-01
3.050000000000000266e+00 6.024111692625006009e-01
3.100000000000000089e+00 5.759861842325643133e-01
3.150000000000000355e+00 5.483222262732908581e-01
3.200000000000000178e+00 5.198694029080520584e-01
3.250000000000000000e+00 4.910705988876392092e-01
3.300000000000000266e+00 4.623478724900147996e-01
3.350000000000000089e+00 4.340910867369847659e-01
3.400000000000000355e+00 4.066448814003506551e-01
3.450000000000000178e+00 3.803026805869136884e-01
3.500000000000000000e+00 3.552978740799994095e-01
3.550000000000000266e+00 3.318086587079478456e-01
3.600000000000000089e+00 3.099525469355997598e-01
3.650000000000000355e+00 2.897885678350983207e-01
3.700000000000000178e+00 2.713219221555766003e-01
3.750000000000000000e+00 2.545104854701382147e-01
3.800000000000000266e+00 2.392714815536019224e-01
3.850000000000000089e+00 2.254897620079601983e-01
3.900000000000000355e+00 2.130274718516073640e-01
3.950000000000000178e+00 2.017306642946080086e-01
4.000000000000000000e+00 1.914405300110187391e-01
4.049999999999999822e+00 1.820009887884339317e-01
4.100000000000000533e+00 1.732650887424406760e-01
4.150000000000000355e+00 1.651016240312765115e-01
4.200000000000000178e+00 1.573980943339628180e-01
4.250000000000000000e+00 1.500667775197141174e-01
4.299999999999999822e+00 1.430435564398012671e-01
4.350000000000000533e+00 1.362920979295246249e-01
4.400000000000000355e+00 1.297961700147832742e-01
4.450000000000000178e+00 1.235629405491784072e-01
4.500000000000000000e+00 1.176191731942923258e-01
4.549999999999999822e+00 1.120077735340096609e-01
4.600000000000000533e+00 1.067822303765171843e-01
4.650000000000000355e+00 1.020023973756327279e-01
4.700000000000000178e+00 9.773118832819395474e-02
4.750000000000000000e+00 9.402809488389604620e-02
4.800000000000000711e+00 9.094571226739280034e-02
4.850000000000000533e+00 8.852634721157016939e-02
4.900000000000000355e+00 8.679900416807298513e-02
4.950000000000000178e+00 8.577224642659804499e-02
5.000000000000000000e+00 8.544246627920017156e-02
5.050000000000000711e+00 8.578124783063315051e-02
5.100000000000000533e+00 8.674637217413816437e-02
5.150000000000000355e+00 8.827253874094793951e-02
5.200000000000000178e+00 9.028509309811016958e-02
5.250000000000000000e+00 9.269156249852120166e-02
5.300000000000000711e+00 9.539340330034232207e-02
5.350000000000000533e+00 9.828572108972118138e-02
5.400000000000000355e+00 1.012631726139701371e-01
5.450000000000000178e+00 1.042239979261238292e-01
5.500000000000000000e+00 1.070748910667276843e-01
5.550000000000000711e+00 1.097399197156033041e-01
5.600000000000000533e+00 1.121529107078760856e-01
5.650000000000000355e+00 1.142698138253769868e-01
5.700000000000000178e+00 1.160690668879709730e-01
5.750000000000000000e+00 1.175517365291145339e-01
5.800000000000000711e+00 1.187430879706579123e-01
5.850000000000000533e+00 1.196885715418174456e-01
5.900000000000000355e+00 1.204580728219116770e-01
5.950000000000000178e+00 1.211351010350667085e-01
6.000000000000000000e+00 1.218173170234679720e-01
6.050000000000000711e+00 1.226101717371571309e-01
6.100000000000000533e+00 1.236214201501147358e-01
6.150000000000000355e+00 1.249673864758986813e-01
6.200000000000000178e+00 1.267391553990826203e-01
6.250000000000000000e+00 1.290272171732661510e-01
6.300000000000000711e+00 1.319075692677925127e-01
6.350000000000000533e+00 1.354396061456554778e-01
6.400000000000000355e+00 1.396630766260771039e-01
6.450000000000000178e+00 1.445983104058994884e-01
6.500000000000000000e+00 1.502455677281891444e-01
6.550000000000000711e+00 1.565907664799226773e-01
6.600000000000000533e+00 1.636057891212272242e-01
6.650000000000000355e+00 1.712512513215372623e-01
6.700000000000000178e+00 1.794831552680097864e-01
6.750000000000000000e+00 1.882574824267595759e-01
6.800000000000000711e+00 1.975334375117982488e-01
6.850000000000000533e+00 2.072824970522584576e-01
6.900000000000000355e+00 2.174901228021053068e-01
6.950000000000000178e+00 2.281590703528276476e-01
7.000000000000000000e+00 2.393105204654543683e-01
7.050000000000000711e+00 2.509850801015465205e-01
7.100000000000000533e+00 2.632446695155368777e-01
7.150000000000000355e+00 2.761616788825407842e-01
7.200000000000000178e+00 2.898218619933101148e-01
7.250000000000000000e+00 3.043106366834739673e-01
7.300000000000000711e+00 3.197128296398189518e-01
7.350000000000000533e+00 3.361037244098608601e-01
7.400000000000000355e+00 3.535393045870205975e-01
7.450000000000000178e+00 3.720460977527498825e-01
7.500000000000000000e+00 3.916179266833995087e-01
7.550000000000000711e+00 4.122027531526176736e-01
7.600000000000000533e+00 4.337004902308812526e-01
7.650000000000000355e+00 4.559558300151846932e-01
7.700000000000000178e+00 4.787603184873571727e-01
7.750000000000000000e+00 5.018517764409393678e-01
7.800000000000000711e+00 5.249199928078209787e-01
7.850000000000000533e+00 5.476121691833832905e-01
7.900000000000000355e+00 5.695380493681635459e-01
7.950000000000000178e+00 5.902858104519648208e-01
8.000000000000000000e+00 6.094307510421760332e-01
8.050000000000000711e+00 6.265508722396175845e-01
8.099999999999999645e+00 6.412399373639936506e-01
8.150000000000000355e+00 6.531255422664095089e-01
8.200000000000001066e+00 6.618788372545298948e-01
8.250000000000000000e+00 6.672311559281760562e-01
8.300000000000000711e+00 6.689830298306894685e-01
8.349999999999999645e+00 6.670063800581587099e-01
8.400000000000000355e+00 6.612652258017270857e-01
8.450000000000001066e+00 6.518057436657860304e-01
8.500000000000000000e+00 6.387603796844201209e-01
8.550000000000000711e+00 6.223425003285725232e-01
8.599999999999999645e+00 6.028407266427947553e-01
8.650000000000000355e+00 5.806080649324774079e-01
8.700000000000001066e+00 5.560517541490304083e-01
8.750000000000000000e+00 5.296180889878516762e-01
8.800000000000000711e+00 5.017770698190195944e-01
8.849999999999999645e+00 4.730049413859018781e-01
8.900000000000000355e+00 4.437706658834270068e-01
8.950000000000001066e+00 4.145204862214051378e-01
9.000000000000000000e+00 3.856622347880428459e-01
9.050000000000000711e+00 3.575559086172493961e-01
9.099999999999999645e+00 3.305042481882230487e-01
9.150000000000000355e+00 3.047457041632928298e-01
9.200000000000001066e+00 2.804531708164791359e-01
9.250000000000000000e+00 2.577313311286575370e-01
9.300000000000000711e+00 2.366226922212879002e-01
9.349999999999999645e+00 2.171095719707108185e-01
9.400000000000000355e+00 1.991237473142047631e-01
9.450000000000001066e+00 1.825552875850204870e-01
9.500000000000000000e+00 1.672633289267967394e-01
9.550000000000000711e+00 1.530879825436654573e-01
9.600000000000001421e+00 1.398614112668386533e-01
9.650000000000000355e+00 1.274191941942912909e-01
9.700000000000001066e+00 1.156105984585184404e-01
9.750000000000000000e+00 1.043072474114509623e-01
9.800000000000000711e+00 9.340960874312212447e-02
9.850000000000001421e+00 8.285152080419375120e-02
9.900000000000000355e+00 7.260241755786180085e-02
9.950000000000001066e+00 6.266728969747870082e-02
