0.000000000000000000e+00 1.245090495399316533e-03
5.000000000000000278e-02 4.937308619956675901e-03
1.000000000000000056e-01 1.094324619213350031e-02
1.500000000000000222e-01 1.904337440917212854e-02
2.000000000000000111e-01 2.894252803767555227e-02
2.500000000000000000e-01 4.028399332182385634e-02
3.000000000000000444e-01 5.266578223327975788e-02
3.500000000000000333e-01 6.566058159765907065e-02
4.000000000000000222e-01 7.883393590525848704e-02
4.500000000000000111e-01 9.176480698936044511e-02
5.000000000000000000e-01 1.040644758752924809e-01
5.500000000000000444e-01 1.153931850466418108e-01
6.000000000000000888e-01 1.254728499908157602e-01
6.500000000000000222e-01 1.340994035163902420e-01
7.000000000000000666e-01 1.411500695603557232e-01
7.500000000000000000e-01 1.465821795931994964e-01
8.000000000000000444e-01 1.504339321623952008e-01
8.500000000000000888e-01 1.528172903287318141e-01
9.000000000000000222e-01 1.539105153150474303e-01
9.500000000000000666e-01 1.539425592651947616e-01
1.000000000000000000e+00 1.531784297027583563e-01
1.050000000000000044e+00 1.519029464829737830e-01
1.100000000000000089e+00 1.504055314284404032e-01
1.150000000000000133e+00 1.489601692112181575e-01
1.200000000000000178e+00 1.478117100643940862e-01
1.250000000000000000e+00 1.471620572086179413e-01
1.300000000000000044e+00 1.471606741914806837e-01
1.350000000000000089e+00 1.478956324112591925e-01
1.400000000000000133e+00 1.493939655322377436e-01
1.450000000000000178e+00 1.516138185162561602e-01
1.500000000000000000e+00 1.544545230074292341e-01
1.550000000000000044e+00 1.577664510995072655e-01
1.600000000000000089e+00 1.613553377060882310e-01
1.650000000000000133e+00 1.649983123337578905e-01
1.700000000000000178e+00 1.684567167696907342e-01
1.750000000000000000e+00 1.714900101677726552e-01
1.800000000000000044e+00 1.738681380786950004e-01
1.850000000000000089e+00 1.754009103925464885e-01
1.900000000000000133e+00 1.759262407619992530e-01
1.950000000000000178e+00 1.753429084595399534e-01
2.000000000000000000e+00 1.736030980513113831e-01
2.050000000000000266e+00 1.707196588104557822e-01
2.100000000000000089e+00 1.667714473889125026e-01
2.149999999999999911e+00 1.618930325351736754e-01
2.200000000000000178e+00 1.562774470685477368e-01
2.250000000000000000e+00 1.501615891176449336e-01
2.300000000000000266e+00 1.438181584613851816e-01
2.350000000000000089e+00 1.375428351356219048e-01
2.400000000000000355e+00 1.316400090287313529e-01
2.450000000000000178e+00 1.264094829386378516e-01
2.500000000000000000e+00 1.221325230668171696e-01
2.550000000000000266e+00 1.190587916896244103e-01
2.600000000000000089e+00 1.173955093981115805e-01
2.650000000000000355e+00 1.172995642922411985e-01
2.700000000000000178e+00 1.188689179483694014e-01
2.750000000000000000e+00 1.221398780580383869e-01
2.800000000000000266e+00 1.270862020279510674e-01
2.850000000000000089e+00 1.336205949113243030e-01
2.900000000000000355e+00 1.415973674508692604e-01
2.950000000000000178e+00 1.508251319724767947e-01
3.000000000000000000e+00 1.610710467355967457e-01
3.050000000000000266e+00 1.720729587030168373e-01
3.100000000000000089e+00 1.835502524526365364e-01
3.150000000000000355e+00 1.952169881734232282e-01
3.200000000000000178e+00 2.067946354870149883e-01
3.250000000000000000e+00 2.180158259385212294e-01
3.300000000000000266e+00 2.286437454730172458e-01
3.350000000000000089e+00 2.384751667559316113e-01
3.400000000000000355e+00 2.473517769167229707e-01
3.450000000000000178e+00 2.551574378477288740e-01
3.500000000000000000e+00 2.618264320413982160e-01
3.550000000000000266e+00 2.673401697034611946e-01
3.600000000000000089e+00 2.717264906958107851e-01
3.650000000000000355e+00 2.750537950875108217e-01
3.700000000000000178e+00 2.774270608760058821e-01
3.750000000000000000e+00 2.789770529641257268e-01
3.800000000000000266e+00 2.798572326261011267e-01
3.850000000000000089e+00 2.802286484770746267e-01
3.900000000000000355e+00 2.802604812424323577e-01
3.950000000000000178e+00 2.801097478300146881e-01
4.000000000000000000e+00 2.799189568904758008e-01
4.049999999999999822e+00 2.798112948513862275e-01
4.100000000000000533e+00 2.798841592288255908e-01
4.150000000000000355e+00 2.802009952314106767e-01
4.200000000000000178e+00 2.807967773297772585e-01
4.250000000000000000e+00 2.816674954125109043e-01
4.299999999999999822e+00 2.827757523682645213e-01
4.350000000000000533e+00 2.840569969797468453e-01
4.400000000000000355e+00 2.854265528902734661e-01
4.450000000000000178e+00 2.867758272765337235e-01
4.500000000000000000e+00 2.879841021179412319e-01
4.549999999999999822e+00 2.889244810052113976e-01
4.600000000000000533e+00 2.894698803712382751e-01
4.650000000000000355e+00 2.895033973970029817e-01
4.700000000000000178e+00 2.889242882494911235e-01
4.750000000000000000e+00 2.876530196439653908e-01
4.800000000000000711e+00 2.856369576812172184e-01
4.850000000000000533e+00 2.828539819638570818e-01
4.900000000000000355e+00 2.793149877875805154e-01
4.950000000000000178e+00 2.750663170737440710e-01
5.000000000000000000e+00 2.701863149310264056e-01
5.050000000000000711e+00 2.647849573320167904e-01
5.100000000000000533e+00 2.589992565328886331e-01
5.150000000000000355e+00 2.529889432982209141e-01
5.200000000000000178e+00 2.469300944238971007e-01
5.250000000000000000e+00 2.410106426291203641e-01
5.300000000000000711e+00 2.354202007577409217e-01
5.350000000000000533e+00 2.303441151378185781e-01
5.400000000000000355e+00 2.259560220251377038e-01
5.450000000000000178e+00 2.224109387908606572e-01
5.500000000000000000e+00 2.198395344278830099e-01
5.550000000000000711e+00 2.183419187482370794e-01
5.600000000000000533e+00 2.179852756239399614e-01
5.650000000000000355e+00 2.187999763462646907e-01
5.700000000000000178e+00 2.207796812632326078e-01
5.750000000000000000e+00 2.238800297836258391e-01
5.800000000000000711e+00 2.280224601444676702e-01
5.850000000000000533e+00 2.330962744953500587e-01
5.900000000000000355e+00 2.389633820038511713e-01
5.950000000000000178e+00 2.454641419690721527e-01
6.000000000000000000e+00 2.524228690951041965e-01
6.050000000000000711e+00 2.596570933531501812e-01
6.100000000000000533e+00 2.669809756408569323e-01
6.150000000000000355e+00 2.742140879489885497e-01
6.200000000000000178e+00 2.811864375864480126e-01
6.250000000000000000e+00 2.877474188601961691e-01
6.300000000000000711e+00 2.937674049758577932e-01
6.350000000000000533e+00 2.991429688120185171e-01
6.400000000000000355e+00 3.037985285214513387e-01
6.450000000000000178e+00 3.076890837763597286e-01
6.500000000000000000e+00 3.107977911887772060e-01
6.550000000000000711e+00 3.131366731988857732e-01
6.600000000000000533e+00 3.147409379212153246e-01
6.650000000000000355e+00 3.156665688296975691e-01
6.700000000000000178e+00 3.159849542147901702e-01
6.750000000000000000e+00 3.157773495584300094e-01
6.800000000000000711e+00 3.151301405669593159e-01
6.850000000000000533e+00 3.141278950773361833e-01
6.900000000000000355e+00 3.128474742435273792e-01
6.950000000000000178e+00 3.113505204625605649e-01
7.000000000000000000e+00 3.096854182371370778e-01
7.050000000000000711e+00 3.078818820566188719e-01
7.100000000000000533e+00 3.059478033097365324e-01
7.150000000000000355e+00 3.038709174171856375e-01
7.200000000000000178e+00 3.016183352341794133e-01
7.250000000000000000e+00 2.991405841970863344e-01
7.300000000000000711e+00 2.963722935691772142e-01
7.350000000000000533e+00 2.932396265286424386e-01
7.400000000000000355e+00 2.896640362826372606e-01
7.450000000000000178e+00 2.855685824248246907e-01
7.500000000000000000e+00 2.808838422580849925e-01
7.550000000000000711e+00 2.755544070147719071e-01
7.600000000000000533e+00 2.695431363746627618e-01
7.650000000000000355e+00 2.628396119521621555e-01
7.700000000000000178e+00 2.554616190642863272e-01
7.750000000000000000e+00 2.474564211607785669e-01
7.800000000000000711e+00 2.389042201479279481e-01
7.850000000000000533e+00 2.299150568755889412e-01
7.900000000000000355e+00 2.206294347483181983e-01
7.950000000000000178e+00 2.112125683098985129e-01
8.000000000000000000e+00 2.018514658154911545e-01
8.050000000000000711e+00 1.927457700225588544e-01
8.099999999999999645e+00 1.841007484133458660e-01
8.150000000000000355e+00 1.761158057316512815e-01
8.200000000000001066e+00 1.689919764500442678e-01
8.250000000000000000e+00 1.629018624254944814e-01
8.300000000000000711e+00 1.580018682124416374e-01
8.349999999999999645e+00 1.544143298023385735e-01
8.400000000000000355e+00 1.522247208679052832e-01
8.450000000000001066e+00 1.514720589741178070e-01
8.500000000000000000e+00 1.521573356874034721e-01
8.550000000000000711e+00 1.542335840712969475e-01
8.599999999999999645e+00 1.576130407137719402e-01
8.650000000000000355e+00 1.621725064775950131e-01
8.700000000000001066e+00 1.677343465897512265e-01
8.750000000000000000e+00 1.741173611865081405e-01
8.800000000000000711e+00 1.811125252604734726e-01
8.849999999999999645e+00 1.884965696998966156e-01
8.900000000000000355e+00 1.960431224745355916e-01
8.950000000000001066e+00 2.035298946906772266e-01
9.000000000000000000e+00 2.107491836916780825e-01
9.050000000000000711e+00 2.175149045225907574e-01
9.099999999999999645e+00 2.236680049768632328e-01
9.150000000000000355e+00 2.290840784397467633e-01
9.200000000000001066e+00 2.336750642783114729e-01
9.250000000000000000e+00 2.373925812602422636e-01
9.300000000000000711e+00 2.402247997239062849e-01
9.349999999999999645e+00 2.421971020229263527e-01
9.400000000000000355e+00 2.433690574269481433e-01
9.450000000000001066e+00 2.438242883120217974e-01
9.500000000000000000e+00 2.436680184080018408e-01
9.550000000000000711e+00 2.430194896596003518e-01
9.600000000000001421e+00 2.420017901455176756e-01
9.650000000000000355e+00 2.407367690446736153e-01
9.700000000000001066e+00 2.393359441450771119e-01
9.750000000000000000e+00 2.378936062748200908e-01
9.800000000000000711e+00 2.364826931105934171e-01
9.850000000000001421e+00 2.351497866015969662e-01
9.900000000000000355e+00 2.339127742970954771e-01
9.950000000000001066e+00 2.327602628087784287e-01
