0.000000000000000000e+00 1.250833418995966635e-03
5.000000000000000278e-02 4.960202817295762678e-03
1.000000000000000056e-01 1.099432462959303199e-02
1.500000000000000222e-01 1.913295657585277129e-02
2.000000000000000111e-01 2.907988702992861732e-02
2.500000000000000000e-01 4.047685946570312582e-02
3.000000000000000444e-01 5.292051595778282658e-02
3.500000000000000333e-01 6.598119785773341739e-02
4.000000000000000222e-01 7.922275097012947132e-02
4.500000000000000111e-01 9.222235611218329576e-02
5.000000000000000000e-01 1.045894273900850324e-01
5.500000000000000444e-01 1.159826195647077896e-01
6.000000000000000888e-01 1.261230776238101425e-01
6.500000000000000222e-01 1.348052981958473562e-01
7.000000000000000666e-01 1.419036009126988240e-01
7.500000000000000000e-01 1.473752433715901089e-01
8.000000000000000444e-01 1.512580675926968876e-01
8.500000000000000888e-01 1.536634973109343716e-01
9.000000000000000222e-01 1.547670847149424656e-01
9.500000000000000666e-01 1.547961825046578477e-01
1.000000000000000000e+00 1.540140978936971050e-01
1.050000000000000044e+00 1.527070207766065835e-01
1.100000000000000089e+00 1.511640969953930158e-01
1.150000000000000133e+00 1.496573525396043269e-01
1.200000000000000178e+00 1.484336101954338849e-01
1.250000000000000000e+00 1.476927119764361029e-01
1.300000000000000044e+00 1.475840652268907982e-01
1.350000000000000089e+00 1.481937395750581588e-01
1.400000000000000133e+00 1.495479944029991237e-01
1.450000000000000178e+00 1.516053449216441251e-01
1.500000000000000000e+00 1.542679933418028282e-01
1.550000000000000044e+00 1.573814873777115431e-01
1.600000000000000089e+00 1.607522151555668688e-01
1.650000000000000133e+00 1.641568092563456538e-01
1.700000000000000178e+00 1.673524348691121655e-01
1.750000000000000000e+00 1.700985350687779507e-01
1.800000000000000044e+00 1.721658610671686629e-01
1.850000000000000089e+00 1.733550470872431137e-01
1.900000000000000133e+00 1.735058887353282120e-01
1.950000000000000178e+00 1.725079340876641831e-01
2.000000000000000000e+00 1.703064089953054416e-01
2.050000000000000266e+00 1.669116757896645376e-01
2.100000000000000089e+00 1.623960799817167622e-01
2.149999999999999911e+00 1.568919467253869493e-01
2.200000000000000178e+00 1.505857852737789715e-01
2.250000000000000000e+00 1.437156832094526049e-01
2.300000000000000266e+00 1.365527684845900813e-01
2.350000000000000089e+00 1.293955870530376362e-01
2.400000000000000355e+00 1.225530103447695224e-01
2.450000000000000178e+00 1.163293180009034311e-01
2.500000000000000000e+00 1.110175905601886587e-01
2.550000000000000266e+00 1.068778996710559176e-01
2.600000000000000089e+00 1.041318921528605196e-01
2.650000000000000355e+00 1.029517822140755545e-01
2.700000000000000178e+00 1.034533404722879218e-01
2.750000000000000000e+00 1.056927039789306300e-01
2.800000000000000266e+00 1.096630080907910754e-01
2.850000000000000089e+00 1.152967188188940423e-01
2.900000000000000355e+00 1.224702685666927277e-01
2.950000000000000178e+00 1.310098430286570914e-01
3.000000000000000000e+00 1.406981163261846191e-01
3.050000000000000266e+00 1.512871939253438436e-01
3.100000000000000089e+00 1.625066949828283536e-01
3.150000000000000355e+00 1.740766292886510580e-01
3.200000000000000178e+00 1.857185590380496798e-01
3.250000000000000000e+00 1.971678319109957112e-01
3.300000000000000266e+00 2.081796563997808658e-01
3.350000000000000089e+00 2.185430429132272367e-01
3.400000000000000355e+00 2.280826059268707129e-01
3.450000000000000178e+00 2.366671535069679033e-01
3.500000000000000000e+00 2.442105425956447307e-01
3.550000000000000266e+00 2.506691962876614332e-01
3.600000000000000089e+00 2.560453607399745257e-01
3.650000000000000355e+00 2.603816172998109080e-01
3.700000000000000178e+00 2.637574265659641815e-01
3.750000000000000000e+00 2.662798946418927781e-01
3.800000000000000266e+00 2.680769025263330385e-01
3.850000000000000089e+00 2.692902097006512618e-01
3.900000000000000355e+00 2.700654798166481907e-01
3.950000000000000178e+00 2.705462389353733288e-01
4.000000000000000000e+00 2.708649609724899654e-01
4.049999999999999822e+00 2.711370117512778566e-01
4.100000000000000533e+00 2.714556453324198371e-01
4.150000000000000355e+00 2.718828500393506986e-01
4.200000000000000178e+00 2.724574015657872383e-01
4.250000000000000000e+00 2.731829839175778929e-01
4.299999999999999822e+00 2.740347350017990347e-01
4.350000000000000533e+00 2.749602830202556580e-01
4.400000000000000355e+00 2.758824831245567100e-01
4.450000000000000178e+00 2.767070530128118433e-01
4.500000000000000000e+00 2.773257011799258320e-01
4.549999999999999822e+00 2.776221302833772886e-01
4.600000000000000533e+00 2.774812519857643434e-01
4.650000000000000355e+00 2.767949759049520564e-01
4.700000000000000178e+00 2.754694470040991439e-01
4.750000000000000000e+00 2.734303833043130738e-01
4.800000000000000711e+00 2.706291305171260597e-01
4.850000000000000533e+00 2.670468266063646401e-01
4.900000000000000355e+00 2.626977039351522936e-01
4.950000000000000178e+00 2.576309195165660815e-01
5.000000000000000000e+00 2.519297728829019145e-01
5.050000000000000711e+00 2.457107478879065332e-01
5.100000000000000533e+00 2.391208011148094892e-01
5.150000000000000355e+00 2.323334809967435022e-01
5.200000000000000178e+00 2.255424934203454912e-01
5.250000000000000000e+00 2.189553927046215265e-01
5.300000000000000711e+00 2.127870560495834507e-01
5.350000000000000533e+00 2.072503602729506011e-01
5.400000000000000355e+00 2.025486883505516200e-01
5.450000000000000178e+00 1.988681451850809190e-01
5.500000000000000000e+00 1.963693947382569860e-01
5.550000000000000711e+00 1.951814681649819416e-01
5.600000000000000533e+00 1.953958606478543303e-01
5.650000000000000355e+00 1.970612042695646660e-01
5.700000000000000178e+00 2.001821314176905897e-01
5.750000000000000000e+00 2.047179348265593113e-01
5.800000000000000711e+00 2.105819011194201285e-01
5.850000000000000533e+00 2.176456069683471717e-01
5.900000000000000355e+00 2.257415216510327283e-01
5.950000000000000178e+00 2.346691450637019005e-01
6.000000000000000000e+00 2.442055812834713346e-01
6.050000000000000711e+00 2.541079575426674064e-01
6.100000000000000533e+00 2.641267778419749135e-01
6.150000000000000355e+00 2.740135837061012380e-01
6.200000000000000178e+00 2.835309489629825874e-01
6.250000000000000000e+00 2.924603319862695838e-01
6.300000000000000711e+00 3.006092649742593270e-01
6.350000000000000533e+00 3.078181148078285578e-01
6.400000000000000355e+00 3.139677731201235833e-01
6.450000000000000178e+00 3.189795072534152842e-01
6.500000000000000000e+00 3.228164155522227907e-01
6.550000000000000711e+00 3.254833694352952667e-01
6.600000000000000533e+00 3.270250604763748070e-01
6.650000000000000355e+00 3.275167506037295340e-01
6.700000000000000178e+00 3.270657429636903979e-01
6.750000000000000000e+00 3.257984843349466253e-01
6.800000000000000711e+00 3.238509391161914497e-01
6.850000000000000533e+00 3.213664892062592093e-01
6.900000000000000355e+00 3.184813272990788535e-01
6.950000000000000178e+00 3.153188685587685058e-01
7.000000000000000000e+00 3.119825310441304844e-01
7.050000000000000711e+00 3.085507903219917303e-01
7.100000000000000533e+00 3.050721618556149761e-01
7.150000000000000355e+00 3.015645418269010114e-01
7.200000000000000178e+00 2.980144795613415276e-01
7.250000000000000000e+00 2.943810261608757473e-01
7.300000000000000711e+00 2.905973783937568777e-01
7.350000000000000533e+00 2.865802475443597341e-01
7.400000000000000355e+00 2.822343832745053405e-01
7.450000000000000178e+00 2.774628639882729675e-01
7.500000000000000000e+00 2.721749350246192578e-01
7.550000000000000711e+00 2.662960639102405214e-01
7.600000000000000533e+00 2.597753195824418770e-01
7.650000000000000355e+00 2.525932424165347467e-01
7.700000000000000178e+00 2.447671270889084649e-01
7.750000000000000000e+00 2.363534601176245087e-01
7.800000000000000711e+00 2.274526021046211210e-01
7.850000000000000533e+00 2.182045962204348655e-01
7.900000000000000355e+00 2.087858417590315596e-01
7.950000000000000178e+00 1.994050432184298616e-01
8.000000000000000000e+00 1.902937880858281139e-01
8.050000000000000711e+00 1.816978951399246811e-01
8.099999999999999645e+00 1.738658713989287008e-01
8.150000000000000355e+00 1.670382838373121182e-01
8.200000000000001066e+00 1.614352150657612783e-01
8.250000000000000000e+00 1.572464121553434901e-01
8.300000000000000711e+00 1.546203531142242016e-01
8.349999999999999645e+00 1.536559104426369615e-01
8.400000000000000355e+00 1.543974347243542156e-01
8.450000000000001066e+00 1.568305187615580132e-01
8.500000000000000000e+00 1.608806061499154227e-01
8.550000000000000711e+00 1.664154901838504341e-01
8.599999999999999645e+00 1.732496311944266010e-01
8.650000000000000355e+00 1.811515425782093403e-01
8.700000000000001066e+00 1.898528868615334264e-01
8.750000000000000000e+00 1.990593770740751722e-01
8.800000000000000711e+00 2.084632742524098470e-01
8.849999999999999645e+00 2.177556323277182182e-01
8.900000000000000355e+00 2.266390202648659591e-01
8.950000000000001066e+00 2.348395425818140814e-01
9.000000000000000000e+00 2.421170947610294943e-01
9.050000000000000711e+00 2.482742992863092579e-01
9.099999999999999645e+00 2.531626508512908602e-01
9.150000000000000355e+00 2.566866524391466231e-01
9.200000000000001066e+00 2.588058197383532599e-01
9.250000000000000000e+00 2.595333555289425775e-01
9.300000000000000711e+00 2.589320870176193834e-01
9.349999999999999645e+00 2.571085669296516163e-01
9.400000000000000355e+00 2.542057469674027792e-01
9.450000000000001066e+00 2.503933739154610705e-01
9.500000000000000000e+00 2.458580793630100736e-01
9.550000000000000711e+00 2.407932924150247012e-01
9.600000000000001421e+00 2.353887671316124697e-01
9.650000000000000355e+00 2.298216003720933986e-01
9.700000000000001066e+00 2.242484196301240129e-01
9.750000000000000000e+00 2.187988884469885820e-01
9.800000000000000711e+00 2.135714093479439135e-01
9.850000000000001421e+00 2.086307998962050048e-01
9.900000000000000355e+00 2.040081744096543803e-01
9.950000000000001066e+00 1.997027661578702484e-01
