0.000000000000000000e+00 1.243971070221437571e-03
5.000000000000000278e-02 4.932957182354574116e-03
1.000000000000000056e-01 1.093393921932950957e-02
1.500000000000000222e-01 1.902791806901287658e-02
2.000000000000000111e-01 2.892040015547699822e-02
2.500000000000000000e-01 4.025518195069145710e-02
3.000000000000000444e-01 5.263098167970380742e-02
3.500000000000000333e-01 6.562111911263213138e-02
4.000000000000000222e-01 7.879316635756009046e-02
4.500000000000000111e-01 9.172743338298844362e-02
5.000000000000000000e-01 1.040355559438384536e-01
5.500000000000000444e-01 1.153792897339103174e-01
6.000000000000000888e-01 1.254819217483929272e-01
6.500000000000000222e-01 1.341392480225365169e-01
7.000000000000000666e-01 1.412279573559971912e-01
7.500000000000000000e-01 1.467076105714253398e-01
8.000000000000000444e-01 1.506138789871317163e-01
8.500000000000000888e-01 1.530514134159609574e-01
9.000000000000000222e-01 1.541929019836860426e-01
9.500000000000000666e-01 1.542835390407910623e-01
1.000000000000000000e+00 1.535872748843572777e-01
1.050000000000000044e+00 1.523711589955814572e-01
1.100000000000000089e+00 1.509293287049501830e-01
1.150000000000000133e+00 1.495340369309420825e-01
1.200000000000000178e+00 1.484285920078196874e-01
1.250000000000000000e+00 1.478145486988659829e-01
1.300000000000000044e+00 1.478465594038928521e-01
1.350000000000000089e+00 1.486036334509958368e-01
1.400000000000000133e+00 1.501105868314060454e-01
1.450000000000000178e+00 1.523277225636683885e-01
1.500000000000000000e+00 1.551632030409557383e-01
1.550000000000000044e+00 1.584590711092833948e-01
1.600000000000000089e+00 1.620260841831756837e-01
1.650000000000000133e+00 1.656310436182902857e-01
1.700000000000000178e+00 1.690391807684347159e-01
1.750000000000000000e+00 1.720104286926220638e-01
1.800000000000000044e+00 1.743175773708059428e-01
1.850000000000000089e+00 1.757528652809616510e-01
1.900000000000000133e+00 1.761649927033321628e-01
1.950000000000000178e+00 1.754486710916335068e-01
2.000000000000000000e+00 1.735480463616278779e-01
2.050000000000000266e+00 1.704791665052799998e-01
2.100000000000000089e+00 1.663145294461814139e-01
2.149999999999999911e+00 1.611892071740758381e-01
2.200000000000000178e+00 1.552930646922836833e-01
2.250000000000000000e+00 1.488619966979224385e-01
2.300000000000000266e+00 1.421696625562195726e-01
2.350000000000000089e+00 1.355129511814601451e-01
2.400000000000000355e+00 1.291983698373690703e-01
2.450000000000000178e+00 1.235293653770249689e-01
2.500000000000000000e+00 1.187909991165978785e-01
2.550000000000000266e+00 1.152379046271437002e-01
2.600000000000000089e+00 1.130819448114748216e-01
2.650000000000000355e+00 1.124850786301318517e-01
2.700000000000000178e+00 1.135474068364132200e-01
2.750000000000000000e+00 1.163128649822015026e-01
2.800000000000000266e+00 1.207609305781270903e-01
2.850000000000000089e+00 1.268114542960052382e-01
2.900000000000000355e+00 1.343284806325318326e-01
2.950000000000000178e+00 1.431268221016035180e-01
3.000000000000000000e+00 1.529810702093645502e-01
3.050000000000000266e+00 1.636362394939603337e-01
3.100000000000000089e+00 1.748183506334982928e-01
3.150000000000000355e+00 1.862453553027423603e-01
3.200000000000000178e+00 1.976443943566499328e-01
3.250000000000000000e+00 2.087536836853046140e-01
3.300000000000000266e+00 2.193385479560125972e-01
3.350000000000000089e+00 2.291990270862566959e-01
3.400000000000000355e+00 2.381743603954747102e-01
3.450000000000000178e+00 2.461483024183881707e-01
3.500000000000000000e+00 2.530519348734446838e-01
3.550000000000000266e+00 2.588602547526624997e-01
3.600000000000000089e+00 2.635924283687391401e-01
3.650000000000000355e+00 2.673069777442778072e-01
3.700000000000000178e+00 2.700964297399383041e-01
3.750000000000000000e+00 2.720804321755511124e-01
3.800000000000000266e+00 2.733973147633401712e-01
3.850000000000000089e+00 2.741968388489588460e-01
3.900000000000000355e+00 2.746335224712237455e-01
3.950000000000000178e+00 2.748522903248364346e-01
4.000000000000000000e+00 2.749872720859325437e-01
4.049999999999999822e+00 2.751528088024043917e-01
4.100000000000000533e+00 2.754391285389394262e-01
4.150000000000000355e+00 2.759108173795386532e-01
4.200000000000000178e+00 2.765954398606018660e-01
4.250000000000000000e+00 2.774907081217371507e-01
4.299999999999999822e+00 2.785672151513001737e-01
4.350000000000000533e+00 2.797654837006633421e-01
4.400000000000000355e+00 2.810033852318297720e-01
4.450000000000000178e+00 2.821801999603430477e-01
4.500000000000000000e+00 2.831810907241168462e-01
4.549999999999999822e+00 2.838861727166803184e-01
4.600000000000000533e+00 2.841767374881549180e-01
4.650000000000000355e+00 2.839410580295395059e-01
4.700000000000000178e+00 2.830829959291111808e-01
4.750000000000000000e+00 2.815259498832538010e-01
4.800000000000000711e+00 2.792190553810036113e-01
4.850000000000000533e+00 2.761422706343309996e-01
4.900000000000000355e+00 2.723077581679544390e-01
4.950000000000000178e+00 2.677608501430308041e-01
5.000000000000000000e+00 2.625811032560093072e-01
5.050000000000000711e+00 2.568813544240520219e-01
5.100000000000000533e+00 2.508028390656283357e-01
5.150000000000000355e+00 2.445148294866582583e-01
5.200000000000000178e+00 2.382042162747046166e-01
5.250000000000000000e+00 2.320722939392665940e-01
5.300000000000000711e+00 2.263261394269184268e-01
5.350000000000000533e+00 2.211711610152630181e-01
5.400000000000000355e+00 2.168057424380141207e-01
5.450000000000000178e+00 2.134106712233438674e-01
5.500000000000000000e+00 2.111409748473671855e-01
5.550000000000000711e+00 2.101231973326978530e-01
5.600000000000000533e+00 2.104499858271175194e-01
5.650000000000000355e+00 2.121706805815076757e-01
5.700000000000000178e+00 2.152934559927657254e-01
5.750000000000000000e+00 2.197832762129993678e-01
5.800000000000000711e+00 2.255618134193827506e-01
5.850000000000000533e+00 2.325114219921173009e-01
5.900000000000000355e+00 2.404769996431211643e-01
5.950000000000000178e+00 2.492727851313190912e-01
6.000000000000000000e+00 2.586897822477497999e-01
6.050000000000000711e+00 2.685008742913248536e-01
6.100000000000000533e+00 2.784731693483314396e-01
6.150000000000000355e+00 2.883734602944772463e-01
6.200000000000000178e+00 2.979750614522417296e-01
6.250000000000000000e+00 3.070680281110773069e-01
6.300000000000000711e+00 3.154675360896133651e-01
6.350000000000000533e+00 3.230192778240223439e-01
6.400000000000000355e+00 3.296019108212900894e-01
6.450000000000000178e+00 3.351309458455030699e-01
6.500000000000000000e+00 3.395601744379628806e-01
6.550000000000000711e+00 3.428829781728111037e-01
6.600000000000000533e+00 3.451191072243058877e-01
6.650000000000000355e+00 3.463264044835419053e-01
6.700000000000000178e+00 3.465851336117933834e-01
6.750000000000000000e+00 3.459893634892304282e-01
6.800000000000000711e+00 3.446521598934660924e-01
6.850000000000000533e+00 3.426828315150315940e-01
6.900000000000000355e+00 3.401888518705413755e-01
6.950000000000000178e+00 3.372664910754630263e-01
7.000000000000000000e+00 3.339952939934488496e-01
7.050000000000000711e+00 3.304340030393637662e-01
7.100000000000000533e+00 3.266156643090620815e-01
7.150000000000000355e+00 3.225511344719428908e-01
7.200000000000000178e+00 3.182221037926899476e-01
7.250000000000000000e+00 3.135993763683998514e-01
7.300000000000000711e+00 3.086294600193487114e-01
7.350000000000000533e+00 3.032487612501459373e-01
7.400000000000000355e+00 2.973886601875354585e-01
7.450000000000000178e+00 2.909812400689850698e-01
7.500000000000000000e+00 2.839702944338952650e-01
7.550000000000000711e+00 2.763201315015235138e-01
7.600000000000000533e+00 2.680214413573636656e-01
7.650000000000000355e+00 2.590938140846369975e-01
7.700000000000000178e+00 2.495957697745366799e-01
7.750000000000000000e+00 2.396199324777480155e-01
7.800000000000000711e+00 2.292989278032539768e-01
7.850000000000000533e+00 2.187965911961864685e-01
7.900000000000000355e+00 2.083129189231261447e-01
7.950000000000000178e+00 1.980714790465962216e-01
8.000000000000000000e+00 1.883139036664702726e-01
8.050000000000000711e+00 1.792879048197203729e-01
8.099999999999999645e+00 1.712429772408455286e-01
8.150000000000000355e+00 1.644139233231929342e-01
8.200000000000001066e+00 1.590134700692560077e-01
8.250000000000000000e+00 1.552195551477071611e-01
8.300000000000000711e+00 1.531694001302134345e-01
8.349999999999999645e+00 1.529501236775993034e-01
8.400000000000000355e+00 1.545912628411513501e-01
8.450000000000001066e+00 1.580682179373163188e-01
8.500000000000000000e+00 1.632970053112743902e-01
8.550000000000000711e+00 1.701367832437979122e-01
8.599999999999999645e+00 1.783935549663497044e-01
8.650000000000000355e+00 1.878313014117441726e-01
8.700000000000001066e+00 1.981773385396252141e-01
8.750000000000000000e+00 2.091332787693688244e-01
8.800000000000000711e+00 2.203861122788872418e-01
8.849999999999999645e+00 2.316205515133328563e-01
8.900000000000000355e+00 2.425301476393850741e-01
8.950000000000001066e+00 2.528301214748513992e-01
9.000000000000000000e+00 2.622674705895167713e-01
9.050000000000000711e+00 2.706283181221754708e-01
9.099999999999999645e+00 2.777459955755061105e-01
9.150000000000000355e+00 2.835029108073245929e-01
9.200000000000001066e+00 2.878350843852234275e-01
9.250000000000000000e+00 2.907316804607192884e-01
9.300000000000000711e+00 2.922296601364864910e-01
9.349999999999999645e+00 2.924097340741729223e-01
9.400000000000000355e+00 2.913889792846666715e-01
9.450000000000001066e+00 2.893125219321182051e-01
9.500000000000000000e+00 2.863442324822107476e-01
9.550000000000000711e+00 2.826570197049564359e-01
9.600000000000001421e+00 2.784229914887444979e-01
9.650000000000000355e+00 2.738040864390521301e-01
9.700000000000001066e+00 2.689442099579531509e-01
9.750000000000000000e+00 2.639628658115288351e-01
9.800000000000000711e+00 2.589503915100049847e-01
9.850000000000001421e+00 2.539656719082847847e-01
9.900000000000000355e+00 2.490357217636385012e-01
9.950000000000001066e+00 2.441577774054448091e-01
