0.000000000000000000e+00 9.972388870187002263e-01
5.000000000000000278e-02 9.920125049688732766e-01
1.000000000000000056e-01 9.819621823593385201e-01
1.500000000000000222e-01 9.673391985628517764e-01
2.000000000000000111e-01 9.484995759815659788e-01
2.500000000000000000e-01 9.258894476950640939e-01
3.000000000000000444e-01 9.000269935564115809e-01
3.500000000000000333e-01 8.714826888074543865e-01
4.000000000000000222e-01 8.408535079130987633e-01
4.500000000000000111e-01 8.087433836574388080e-01
5.000000000000000000e-01 7.757457956175906055e-01
5.500000000000000444e-01 7.424079675657033750e-01
6.000000000000000888e-01 7.092263760846394538e-01
6.500000000000000222e-01 6.766269316357951258e-01
7.000000000000000666e-01 6.449525840988513670e-01
7.500000000000000000e-01 6.144562089524567838e-01
8.000000000000000444e-01 5.853032189518867501e-01
8.500000000000000888e-01 5.575705064361619057e-01
9.000000000000000222e-01 5.312536060786622327e-01
9.500000000000000666e-01 5.062790170661626288e-01
1.000000000000000000e+00 4.825051456898810098e-01
1.050000000000000044e+00 4.597596884418388430e-01
1.100000000000000089e+00 4.378200542622779357e-01
1.150000000000000133e+00 4.164811996439989894e-01
1.200000000000000178e+00 3.955289653656666737e-01
1.250000000000000000e+00 3.747837575757718698e-01
1.300000000000000044e+00 3.540993675347273162e-01
1.350000000000000089e+00 3.333654139183602205e-01
1.400000000000000133e+00 3.125392707891441746e-01
1.450000000000000178e+00 2.916212974568129224e-01
1.500000000000000000e+00 2.706691838062987854e-01
1.550000000000000044e+00 2.497905903606580102e-01
1.600000000000000089e+00 2.291461933709580678e-01
1.650000000000000133e+00 2.089095030724676394e-01
1.700000000000000178e+00 1.892923713653909823e-01
1.750000000000000000e+00 1.705059127691726795e-01
1.800000000000000044e+00 1.527653430847272509e-01
1.850000000000000089e+00 1.362649616866936086e-01
1.900000000000000133e+00 1.211696757880683373e-01
1.950000000000000178e+00 1.076062996069661465e-01
2.000000000000000000e+00 9.565339219377734514e-02
2.050000000000000266e+00 8.534327115327883240e-02
2.100000000000000089e+00 7.665675717707645664e-02
2.149999999999999911e+00 6.952192625937039794e-02
2.200000000000000178e+00 6.382553277605901298e-02
2.250000000000000000e+00 5.941510573637340947e-02
2.300000000000000266e+00 5.611395871758816795e-02
2.350000000000000089e+00 5.372620821242315298e-02
2.400000000000000355e+00 5.203196911307049477e-02
2.450000000000000178e+00 5.083798118052802739e-02
2.500000000000000000e+00 4.995568910200615109e-02
2.550000000000000266e+00 4.922693758171953204e-02
2.600000000000000089e+00 4.852684491739979455e-02
2.650000000000000355e+00 4.777333294754043669e-02
2.700000000000000178e+00 4.692750685099854324e-02
2.750000000000000000e+00 4.599845239526084706e-02
2.800000000000000266e+00 4.503756553656924899e-02
2.850000000000000089e+00 4.414178778137965720e-02
2.900000000000000355e+00 4.344171766160440096e-02
2.950000000000000178e+00 4.309530366808238949e-02
3.000000000000000000e+00 4.328098947938478075e-02
3.050000000000000266e+00 4.418225222993475004e-02
3.100000000000000089e+00 4.597797070491523724e-02
3.150000000000000355e+00 4.883909933256957298e-02
3.200000000000000178e+00 5.290613806830664345e-02
3.250000000000000000e+00 5.828897675760568581e-02
3.300000000000000266e+00 6.506125758179014118e-02
3.350000000000000089e+00 7.324303286060478146e-02
3.400000000000000355e+00 8.281523512002772480e-02
3.450000000000000178e+00 9.370458157581949832e-02
3.500000000000000000e+00 1.057985530106639316e-01
3.550000000000000266e+00 1.189358519494785327e-01
3.600000000000000089e+00 1.329339322607525631e-01
3.650000000000000355e+00 1.475679821960185767e-01
3.700000000000000178e+00 1.625928948391327511e-01
3.750000000000000000e+00 1.777665221217779590e-01
3.800000000000000266e+00 1.928434672859346000e-01
3.850000000000000089e+00 2.075927320661427600e-01
3.900000000000000355e+00 2.218052682081634586e-01
3.950000000000000178e+00 2.353023647792864825e-01
4.000000000000000000e+00 2.479431584439363845e-01
4.049999999999999822e+00 2.596262168720436803e-01
4.100000000000000533e+00 2.702951199044480446e-01
4.150000000000000355e+00 2.799449276429892830e-01
4.200000000000000178e+00 2.886132722226298908e-01
4.250000000000000000e+00 2.963774498062615725e-01
4.299999999999999822e+00 3.033514830955313379e-01
4.350000000000000533e+00 3.096794464705373562e-01
4.400000000000000355e+00 3.155257670109368195e-01
4.450000000000000178e+00 3.210670555540752757e-01
4.500000000000000000e+00 3.264847150282001453e-01
4.549999999999999822e+00 3.319442859266850676e-01
4.600000000000000533e+00 3.376065395376513512e-01
4.650000000000000355e+00 3.436026280791473209e-01
4.700000000000000178e+00 3.500359481196413380e-01
4.750000000000000000e+00 3.569645295021625087e-01
4.800000000000000711e+00 3.644139715228989496e-01
4.850000000000000533e+00 3.723649114258308357e-01
4.900000000000000355e+00 3.807557553090415436e-01
4.950000000000000178e+00 3.894811531655878456e-01
5.000000000000000000e+00 3.984021892507947915e-01
5.050000000000000711e+00 4.073450613443218016e-01
5.100000000000000533e+00 4.161128290042855338e-01
5.150000000000000355e+00 4.244825750279021537e-01
5.200000000000000178e+00 4.322248519127817601e-01
5.250000000000000000e+00 4.391084261593554694e-01
5.300000000000000711e+00 4.449106182369407803e-01
5.350000000000000533e+00 4.494178299407659560e-01
5.400000000000000355e+00 4.524375647516341026e-01
5.450000000000000178e+00 4.538191397215083911e-01
5.500000000000000000e+00 4.534363454412793093e-01
5.550000000000000711e+00 4.512060414478065717e-01
5.600000000000000533e+00 4.470856865454700957e-01
5.650000000000000355e+00 4.410786282321305096e-01
5.700000000000000178e+00 4.332311963555713907e-01
5.750000000000000000e+00 4.236315915117113140e-01
5.800000000000000711e+00 4.124065372540355878e-01
5.850000000000000533e+00 3.997172602928502072e-01
5.900000000000000355e+00 3.857546896184982366e-01
5.950000000000000178e+00 3.707293111757843929e-01
6.000000000000000000e+00 3.548706037315779716e-01
6.050000000000000711e+00 3.384158611500657776e-01
6.100000000000000533e+00 3.216033794707501281e-01
6.150000000000000355e+00 3.046697539841394797e-01
6.200000000000000178e+00 2.878232085897831083e-01
6.250000000000000000e+00 2.712679509121514454e-01
6.300000000000000711e+00 2.551831093955239660e-01
6.350000000000000533e+00 2.397176348274001334e-01
6.400000000000000355e+00 2.249920199314442981e-01
6.450000000000000178e+00 2.110932427341268569e-01
6.500000000000000000e+00 1.980687899836402199e-01
6.550000000000000711e+00 1.859437401876558038e-01
6.600000000000000533e+00 1.747078048102777004e-01
6.650000000000000355e+00 1.643100598476230079e-01
6.700000000000000178e+00 1.546882832907831851e-01
6.750000000000000000e+00 1.457822562336299754e-01
6.800000000000000711e+00 1.374937774104939558e-01
6.850000000000000533e+00 1.297164527777369680e-01
6.900000000000000355e+00 1.223378417306447141e-01
6.950000000000000178e+00 1.152452196657949290e-01
7.000000000000000000e+00 1.083325256185018182e-01
7.050000000000000711e+00 1.015010099225991669e-01
7.100000000000000533e+00 9.466859540494568237e-02
7.150000000000000355e+00 8.776796559527884345e-02
7.200000000000000178e+00 8.075093411256195619e-02
7.250000000000000000e+00 7.359088739466300433e-02
7.300000000000000711e+00 6.628294410517290847e-02
7.350000000000000533e+00 5.884392452203288104e-02
7.400000000000000355e+00 5.131160040799229854e-02
7.450000000000000178e+00 4.374279795787981012e-02
7.500000000000000000e+00 3.621063980430054563e-02
7.550000000000000711e+00 2.880170891808572775e-02
7.600000000000000533e+00 2.161337482789739417e-02
7.650000000000000355e+00 1.474874937939853886e-02
7.700000000000000178e+00 8.313664659728253054e-03
7.750000000000000000e+00 2.412458239281170969e-03
7.800000000000000711e+00 -2.856813166269068973e-03
7.850000000000000533e+00 -7.400827833428912268e-03
7.900000000000000355e+00 -1.113953218123326511e-02
7.950000000000000178e+00 -1.400607797232548100e-02
8.000000000000000000e+00 -1.594863355832819990e-02
8.050000000000000711e+00 -1.693184857676155453e-02
8.099999999999999645e+00 -1.693626045898345700e-02
8.150000000000000355e+00 -1.595954275537916564e-02
8.200000000000001066e+00 -1.401222811739549767e-02
8.250000000000000000e+00 -1.111986536297347727e-02
8.300000000000000711e+00 -7.319489423368276404e-03
8.349999999999999645e+00 -2.656251463148694841e-03
8.400000000000000355e+00 2.817125306676355502e-03
8.450000000000001066e+00 9.044814059356122427e-03
8.500000000000000000e+00 1.597062384351884481e-02
8.550000000000000711e+00 2.353937631113342185e-02
8.599999999999999645e+00 3.169957387791783737e-02
8.650000000000000355e+00 4.040724840459933298e-02
8.700000000000001066e+00 4.962316767451886712e-02
8.750000000000000000e+00 5.931650885679409790e-02
8.800000000000000711e+00 6.946570218604641855e-02
8.849999999999999645e+00 8.005597137051412293e-02
8.900000000000000355e+00 9.107908473956080608e-02
8.950000000000001066e+00 1.025315000904322149e-01
9.000000000000000000e+00 1.144135922607998623e-01
9.050000000000000711e+00 1.267256185712475614e-01
9.099999999999999645e+00 1.394664641334306676e-01
9.150000000000000355e+00 1.526313398570643132e-01
9.200000000000001066e+00 1.662085689307836456e-01
9.250000000000000000e+00 1.801805038831890415e-01
9.300000000000000711e+00 1.945205195451852886e-01
9.349999999999999645e+00 2.091902444992895793e-01
9.400000000000000355e+00 2.241414034028064439e-01
9.450000000000001066e+00 2.393150907381026427e-01
9.500000000000000000e+00 2.546433403513030935e-01
9.550000000000000711e+00 2.700522752692698369e-01
9.600000000000001421e+00 2.854627246730542245e-01
9.650000000000000355e+00 3.007939846147919538e-01
9.700000000000001066e+00 3.159661333970614772e-01
9.750000000000000000e+00 3.309034651306218544e-01
9.800000000000000711e+00 3.455382873965749391e-01
9.850000000000001421e+00 3.598138905500751217e-01
9.900000000000000355e+00 3.736866596932188478e-01
9.950000000000001066e+00 3.871278462460039926e-01
