0.000000000000000000e+00 9.971157707949122040e-01
5.000000000000000278e-02 9.917669114955872667e-01
1.000000000000000056e-01 9.815988241647479740e-01
1.500000000000000222e-01 9.668663507188841599e-01
2.000000000000000111e-01 9.479285333793106005e-01
2.500000000000000000e-01 9.252338467487012386e-01
3.000000000000000444e-01 8.993018710471679666e-01
3.500000000000000333e-01 8.707022091464498015e-01
4.000000000000000222e-01 8.400329068986092107e-01
4.500000000000000111e-01 8.078963208350214975e-01
5.000000000000000000e-01 7.748783847176249351e-01
5.500000000000000444e-01 7.415272888225081793e-01
6.000000000000000888e-01 7.083354267814951921e-01
6.500000000000000222e-01 6.757248530016586319e-01
7.000000000000000666e-01 6.440369663962922653e-01
7.500000000000000000e-01 6.135231633698560172e-01
8.000000000000000444e-01 5.843462578328304513e-01
8.500000000000000888e-01 5.565804861121216307e-01
9.000000000000000222e-01 5.302225765684622782e-01
9.500000000000000666e-01 5.051970037281802162e-01
1.000000000000000000e+00 4.813696442585073676e-01
1.050000000000000044e+00 4.585672443911477658e-01
1.100000000000000089e+00 4.365860289023383856e-01
1.150000000000000133e+00 4.152073837505066978e-01
1.200000000000000178e+00 3.942274494301234999e-01
1.250000000000000000e+00 3.734679725345251833e-01
1.300000000000000044e+00 3.527735481251615401e-01
1.350000000000000089e+00 3.320380473953971623e-01
1.400000000000000133e+00 3.112031507049770052e-01
1.450000000000000178e+00 2.902776720555556578e-01
1.500000000000000000e+00 2.693067837815830146e-01
1.550000000000000044e+00 2.484030368242453324e-01
1.600000000000000089e+00 2.277086054972932150e-01
1.650000000000000133e+00 2.074094945044327176e-01
1.700000000000000178e+00 1.877149937117465750e-01
1.750000000000000000e+00 1.688383101603993519e-01
1.800000000000000044e+00 1.509931401716802790e-01
1.850000000000000089e+00 1.343862853839864480e-01
1.900000000000000133e+00 1.191913784371193552e-01
1.950000000000000178e+00 1.055526556497440038e-01
2.000000000000000000e+00 9.356992921190762647e-02
2.050000000000000266e+00 8.330095916799180877e-02
2.100000000000000089e+00 7.474686239264247134e-02
2.149999999999999911e+00 6.786702983203141137e-02
2.200000000000000178e+00 6.256751810845108397e-02
2.250000000000000000e+00 5.872146059138460411e-02
2.300000000000000266e+00 5.616605084094274808e-02
2.350000000000000089e+00 5.471945205622225084e-02
2.400000000000000355e+00 5.418230764948755301e-02
2.450000000000000178e+00 5.435357350904324730e-02
2.500000000000000000e+00 5.504144987124620636e-02
2.550000000000000266e+00 5.606952556276902089e-02
2.600000000000000089e+00 5.728821070179186681e-02
2.650000000000000355e+00 5.858143483734975371e-02
2.700000000000000178e+00 5.987173099515220170e-02
2.750000000000000000e+00 6.112115503816153289e-02
2.800000000000000266e+00 6.233286608983502203e-02
2.850000000000000089e+00 6.354814898750124619e-02
2.900000000000000355e+00 6.484290845545957749e-02
2.950000000000000178e+00 6.632140650501641699e-02
3.000000000000000000e+00 6.810971430342346866e-02
3.050000000000000266e+00 7.034439086151281217e-02
3.100000000000000089e+00 7.316651095495797785e-02
3.150000000000000355e+00 7.671153756116576294e-02
3.200000000000000178e+00 8.110028264489779759e-02
3.250000000000000000e+00 8.643193556448540427e-02
3.300000000000000266e+00 9.277846101368317222e-02
3.350000000000000089e+00 1.001754555074751696e-01
3.400000000000000355e+00 1.086227232050120395e-01
3.450000000000000178e+00 1.180805231032397151e-01
3.500000000000000000e+00 1.284715061747807863e-01
3.550000000000000266e+00 1.396825099787583624e-01
3.600000000000000089e+00 1.515693204432972951e-01
3.650000000000000355e+00 1.639613644296778194e-01
3.700000000000000178e+00 1.766696620577754562e-01
3.750000000000000000e+00 1.894952388295810530e-01
3.800000000000000266e+00 2.022360050363581629e-01
3.850000000000000089e+00 2.146968678444593492e-01
3.900000000000000355e+00 2.266973737884210305e-01
3.950000000000000178e+00 2.380781963451536754e-01
4.000000000000000000e+00 2.487104489723586109e-01
4.049999999999999822e+00 2.584997849387578039e-01
4.100000000000000533e+00 2.673948710378379334e-01
4.150000000000000355e+00 2.753754334162308304e-01
4.200000000000000178e+00 2.824716438109685646e-01
4.250000000000000000e+00 2.887498841398066785e-01
4.299999999999999822e+00 2.943144972149211447e-01
4.350000000000000533e+00 2.992998944791093741e-01
4.400000000000000355e+00 3.038703047295632231e-01
4.450000000000000178e+00 3.082096823286019638e-01
4.500000000000000000e+00 3.125069645663435258e-01
4.549999999999999822e+00 3.169568178929028646e-01
4.600000000000000533e+00 3.217463055102548486e-01
4.650000000000000355e+00 3.270425822578698627e-01
4.700000000000000178e+00 3.329886230405988412e-01
4.750000000000000000e+00 3.396930225832164862e-01
4.800000000000000711e+00 3.472258382650380559e-01
4.850000000000000533e+00 3.556102715303806061e-01
4.900000000000000355e+00 3.648170194410624845e-01
4.950000000000000178e+00 3.747759285933499607e-01
5.000000000000000000e+00 3.853558502085713822e-01
5.050000000000000711e+00 3.963853764876658636e-01
5.100000000000000533e+00 4.076460225394571424e-01
5.150000000000000355e+00 4.188812222372463867e-01
5.200000000000000178e+00 4.298079075249930381e-01
5.250000000000000000e+00 4.401208014458294904e-01
5.300000000000000711e+00 4.495082067452643715e-01
5.350000000000000533e+00 4.576587615437647250e-01
5.400000000000000355e+00 4.642749762186932916e-01
5.450000000000000178e+00 4.690873201464614839e-01
5.500000000000000000e+00 4.718611193871570242e-01
5.550000000000000711e+00 4.724049363858547346e-01
5.600000000000000533e+00 4.705841543313480368e-01
5.650000000000000355e+00 4.663232560892690559e-01
5.700000000000000178e+00 4.596100883077973709e-01
5.750000000000000000e+00 4.504997672285113164e-01
5.800000000000000711e+00 4.391101443210487232e-01
5.850000000000000533e+00 4.256210070988066252e-01
5.900000000000000355e+00 4.102684650694483071e-01
5.950000000000000178e+00 3.933368152286804698e-01
6.000000000000000000e+00 3.751486857944255071e-01
6.050000000000000711e+00 3.560481405712887515e-01
6.100000000000000533e+00 3.363967109328621641e-01
6.150000000000000355e+00 3.165569102025624360e-01
6.200000000000000178e+00 2.968782129341134279e-01
6.250000000000000000e+00 2.776878818769848434e-01
6.300000000000000711e+00 2.592778661859689304e-01
6.350000000000000533e+00 2.418952485383080442e-01
6.400000000000000355e+00 2.257356241115144602e-01
6.450000000000000178e+00 2.109371860408794375e-01
6.500000000000000000e+00 1.975791672055340065e-01
6.550000000000000711e+00 1.856810409539006168e-01
6.600000000000000533e+00 1.752057502655161025e-01
6.650000000000000355e+00 1.660658827669973248e-01
6.700000000000000178e+00 1.581292632401014031e-01
6.750000000000000000e+00 1.512288239821444336e-01
6.800000000000000711e+00 1.451721634085586243e-01
6.850000000000000533e+00 1.397537146065106484e-01
6.900000000000000355e+00 1.347654657482310336e-01
6.950000000000000178e+00 1.300081645012640674e-01
7.000000000000000000e+00 1.253025613091671708e-01
7.050000000000000711e+00 1.204948024933555212e-01
7.100000000000000533e+00 1.154656477197274628e-01
7.150000000000000355e+00 1.101380265954229887e-01
7.200000000000000178e+00 1.044717378539527786e-01
7.250000000000000000e+00 9.847142571615268014e-02
7.300000000000000711e+00 9.218400999555956266e-02
7.350000000000000533e+00 8.568487190186169222e-02
7.400000000000000355e+00 7.908137363224269911e-02
7.450000000000000178e+00 7.250060952927077362e-02
7.500000000000000000e+00 6.608357522956428975e-02
7.550000000000000711e+00 5.997179894511399378e-02
7.600000000000000533e+00 5.430212921084905109e-02
7.650000000000000355e+00 4.919862497535675699e-02
7.700000000000000178e+00 4.476397050620958828e-02
7.750000000000000000e+00 4.107444223239887365e-02
7.800000000000000711e+00 3.817490711897631589e-02
7.850000000000000533e+00 3.607873724607641580e-02
7.900000000000000355e+00 3.476730293150386703e-02
7.950000000000000178e+00 3.419302180770163180e-02
8.000000000000000000e+00 3.428219984547934557e-02
8.050000000000000711e+00 3.494164560312264939e-02
8.099999999999999645e+00 3.606634933069386567e-02
8.150000000000000355e+00 3.754725379266702495e-02
8.200000000000001066e+00 3.927985518948716448e-02
8.250000000000000000e+00 4.117226302540428345e-02
8.300000000000000711e+00 4.315275449474761937e-02
8.349999999999999645e+00 4.517562000486775170e-02
8.400000000000000355e+00 4.722606983062051234e-02
8.450000000000001066e+00 4.932334236866612459e-02
8.500000000000000000e+00 5.152134149540332775e-02
8.550000000000000711e+00 5.390748654693917202e-02
8.599999999999999645e+00 5.659924802225493878e-02
8.650000000000000355e+00 5.973900635625374600e-02
8.700000000000001066e+00 6.348684985323756191e-02
8.750000000000000000e+00 6.801309287581555618e-02
8.800000000000000711e+00 7.348894337482136940e-02
8.849999999999999645e+00 8.007772278762027851e-02
8.900000000000000355e+00 8.792576890123053601e-02
8.950000000000001066e+00 9.715415470568662670e-02
9.000000000000000000e+00 1.078516814838811344e-01
9.050000000000000711e+00 1.200696060289711820e-01
9.099999999999999645e+00 1.338178499304846780e-01
9.150000000000000355e+00 1.490633354940389121e-01
9.200000000000001066e+00 1.657306790512646233e-01
9.250000000000000000e+00 1.837044767843622473e-01
9.300000000000000711e+00 2.028355928376663064e-01
9.349999999999999645e+00 2.229461657923617335e-01
9.400000000000000355e+00 2.438380797113904597e-01
9.450000000000001066e+00 2.653014473323077604e-01
9.500000000000000000e+00 2.871241134710016407e-01
9.550000000000000711e+00 3.091001257262308566e-01
9.600000000000001421e+00 3.310386799627745846e-01
9.650000000000000355e+00 3.527711569045799966e-01
9.700000000000001066e+00 3.741569957635126897e-01
9.750000000000000000e+00 3.950876569759833590e-01
9.800000000000000711e+00 4.154884569447870879e-01
9.850000000000001421e+00 4.353184539267206943e-01
9.900000000000000355e+00 4.545681334041227206e-01
9.950000000000001066e+00 4.732550307746429819e-01
