0.000000000000000000e+00 9.971557368782962838e-01
5.000000000000000278e-02 9.918391571345105406e-01
1.000000000000000056e-01 9.816955814149975756e-01
1.500000000000000222e-01 9.669802077818719921e-01
2.000000000000000111e-01 9.480529921897441481e-01
2.500000000000000000e-01 9.253636299576625257e-01
3.000000000000000444e-01 8.994331142775628951e-01
3.500000000000000333e-01 8.708327777546321924e-01
4.000000000000000222e-01 8.401623447253020460e-01
4.500000000000000111e-01 8.080260290646773536e-01
5.000000000000000000e-01 7.750123908974951847e-01
5.500000000000000444e-01 7.416711605477955827e-01
6.000000000000000888e-01 7.084972667099362909e-01
6.500000000000000222e-01 6.759154614706363029e-01
7.000000000000000666e-01 6.442653776961619894e-01
7.500000000000000000e-01 6.138012894027620181e-01
8.000000000000000444e-01 5.846841338290605927e-01
8.500000000000000888e-01 5.569856739855786332e-01
9.000000000000000222e-01 5.307065761349000210e-01
9.500000000000000666e-01 5.057638576235065075e-01
1.000000000000000000e+00 4.820238379099643922e-01
1.050000000000000044e+00 4.593073007697158761e-01
1.100000000000000089e+00 4.374058171869891765e-01
1.150000000000000133e+00 4.161053222293805143e-01
1.200000000000000178e+00 3.951997434079953520e-01
1.250000000000000000e+00 3.744964168251666559e-01
1.300000000000000044e+00 3.538454696725928383e-01
1.350000000000000089e+00 3.331368642317115158e-01
1.400000000000000133e+00 3.123119589010549535e-01
1.450000000000000178e+00 2.913694991825583336e-01
1.500000000000000000e+00 2.703561440619923761e-01
1.550000000000000044e+00 2.493770371506957850e-01
1.600000000000000089e+00 2.285753856084569713e-01
1.650000000000000133e+00 2.081263370233149557e-01
1.700000000000000178e+00 1.882316302163846711e-01
1.750000000000000000e+00 1.691025342215443095e-01
1.800000000000000044e+00 1.509520925070507447e-01
1.850000000000000089e+00 1.339816986379335773e-01
1.900000000000000133e+00 1.183653443925432869e-01
1.950000000000000178e+00 1.042443317733802305e-01
2.000000000000000000e+00 9.172519560210000422e-02
2.050000000000000266e+00 8.085432357237574974e-02
2.100000000000000089e+00 7.163785389539074899e-02
2.149999999999999911e+00 6.403591788253007455e-02
2.200000000000000178e+00 5.796160996763043832e-02
2.250000000000000000e+00 5.328794513578188202e-02
2.300000000000000266e+00 4.985750674412098987e-02
2.350000000000000089e+00 4.749076884527585890e-02
2.400000000000000355e+00 4.599570384656395672e-02
2.450000000000000178e+00 4.517978490917275852e-02
2.500000000000000000e+00 4.485897747862942903e-02
2.550000000000000266e+00 4.486833532857269907e-02
2.600000000000000089e+00 4.507077677089367518e-02
2.650000000000000355e+00 4.536172790683491024e-02
2.700000000000000178e+00 4.567684482524092537e-02
2.750000000000000000e+00 4.599481296145131737e-02
2.800000000000000266e+00 4.633016595396073634e-02
2.850000000000000089e+00 4.674459632394664665e-02
2.900000000000000355e+00 4.732772213205863748e-02
2.950000000000000178e+00 4.819910229551562647e-02
3.000000000000000000e+00 4.949866765099902172e-02
3.050000000000000266e+00 5.137875195162457803e-02
3.100000000000000089e+00 5.399122030064076871e-02
3.150000000000000355e+00 5.747928182864221053e-02
3.200000000000000178e+00 6.196826808079562016e-02
3.250000000000000000e+00 6.755884720345003980e-02
3.300000000000000266e+00 7.431932037714890360e-02
3.350000000000000089e+00 8.227886678876915327e-02
3.400000000000000355e+00 9.142525914824836675e-02
3.450000000000000178e+00 1.017035231820826724e-01
3.500000000000000000e+00 1.130173089114663854e-01
3.550000000000000266e+00 1.252296025709779270e-01
3.600000000000000089e+00 1.381714594725596268e-01
3.650000000000000355e+00 1.516443825951514224e-01
3.700000000000000178e+00 1.654337159963047421e-01
3.750000000000000000e+00 1.793125948433254291e-01
3.800000000000000266e+00 1.930528205511987949e-01
3.850000000000000089e+00 2.064380448594577144e-01
3.900000000000000355e+00 2.192692331557898888e-01
3.950000000000000178e+00 2.313705327879038431e-01
4.000000000000000000e+00 2.426071825728498832e-01
4.049999999999999822e+00 2.528778457905201393e-01
4.100000000000000533e+00 2.621303972650834702e-01
4.150000000000000355e+00 2.703543568531733832e-01
4.200000000000000178e+00 2.775904845627071293e-01
4.250000000000000000e+00 2.839171155107262368e-01
4.299999999999999822e+00 2.894608560253975615e-01
4.350000000000000533e+00 2.943824016929776355e-01
4.400000000000000355e+00 2.988551158461970059e-01
4.450000000000000178e+00 3.030764742963295566e-01
4.500000000000000000e+00 3.072540433202411436e-01
4.549999999999999822e+00 3.115921224738126827e-01
4.600000000000000533e+00 3.162836458270928963e-01
4.650000000000000355e+00 3.215005552849836135e-01
4.700000000000000178e+00 3.273851981264533362e-01
4.750000000000000000e+00 3.340410506708841876e-01
4.800000000000000711e+00 3.415288314825978278e-01
4.850000000000000533e+00 3.498622236967378618e-01
4.900000000000000355e+00 3.590057253340914190e-01
4.950000000000000178e+00 3.688739540533303995e-01
5.000000000000000000e+00 3.793313348620999115e-01
5.050000000000000711e+00 3.901990737799411191e-01
5.100000000000000533e+00 4.012593525563115104e-01
5.150000000000000355e+00 4.122620123364074129e-01
5.200000000000000178e+00 4.229338406706666942e-01
5.250000000000000000e+00 4.329875845372465615e-01
5.300000000000000711e+00 4.421328867754336089e-01
5.350000000000000533e+00 4.500862384043022857e-01
5.400000000000000355e+00 4.565804544268544651e-01
5.450000000000000178e+00 4.613746870278156997e-01
5.500000000000000000e+00 4.642648217561560209e-01
5.550000000000000711e+00 4.650907906949928172e-01
5.600000000000000533e+00 4.637402385410698269e-01
5.650000000000000355e+00 4.601540853027326627e-01
5.700000000000000178e+00 4.543300022901761714e-01
5.750000000000000000e+00 4.463212622789291539e-01
5.800000000000000711e+00 4.362357716713197719e-01
5.850000000000000533e+00 4.242308743657695058e-01
5.900000000000000355e+00 4.105089005231706278e-01
5.950000000000000178e+00 3.953103595103411583e-01
6.000000000000000000e+00 3.789042309443332868e-01
6.050000000000000711e+00 3.615790851305715203e-01
6.100000000000000533e+00 3.436351159381310083e-01
6.150000000000000355e+00 3.253710515778122647e-01
6.200000000000000178e+00 3.070766994250794801e-01
6.250000000000000000e+00 2.890223973318624684e-01
6.300000000000000711e+00 2.714514740303902163e-01
6.350000000000000533e+00 2.545740129337832891e-01
6.400000000000000355e+00 2.385591931283860823e-01
6.450000000000000178e+00 2.235341503065000346e-01
6.500000000000000000e+00 2.095805732953747724e-01
6.550000000000000711e+00 1.967350595874217123e-01
6.600000000000000533e+00 1.849916307658350245e-01
6.650000000000000355e+00 1.743044474374393082e-01
6.700000000000000178e+00 1.645933668116180137e-01
6.750000000000000000e+00 1.557501801246584383e-01
6.800000000000000711e+00 1.476456722861227422e-01
6.850000000000000533e+00 1.401373683904750533e-01
6.900000000000000355e+00 1.330787224578487415e-01
6.950000000000000178e+00 1.263242363416874348e-01
7.000000000000000000e+00 1.197502654012482654e-01
7.050000000000000711e+00 1.132396247348120000e-01
7.100000000000000533e+00 1.066987435630270542e-01
7.150000000000000355e+00 1.000607013162557180e-01
7.200000000000000178e+00 9.328790575989905076e-02
7.250000000000000000e+00 8.637707050380491469e-02
7.300000000000000711e+00 7.935295472651206217e-02
7.350000000000000533e+00 7.226857893052203441e-02
7.400000000000000355e+00 6.520307453897151995e-02
7.450000000000000178e+00 5.824934133432183025e-02
7.500000000000000000e+00 5.152241915224299584e-02
7.550000000000000711e+00 4.513748387909553850e-02
7.600000000000000533e+00 3.920961103996781910e-02
7.650000000000000355e+00 3.385690370712593489e-02
7.700000000000000178e+00 2.917953725941684062e-02
7.750000000000000000e+00 2.526491073647458424e-02
7.800000000000000711e+00 2.218002368716946379e-02
7.850000000000000533e+00 1.996781294798578507e-02
7.900000000000000355e+00 1.864838237740166008e-02
7.950000000000000178e+00 1.821586884941968701e-02
8.000000000000000000e+00 1.863881837656097828e-02
8.050000000000000711e+00 1.986568087941808364e-02
8.099999999999999645e+00 2.183350191039830357e-02
8.150000000000000355e+00 2.446297150915876378e-02
8.200000000000001066e+00 2.766710411680080653e-02
8.250000000000000000e+00 3.135807317407952183e-02
8.300000000000000711e+00 3.545029713369324958e-02
8.349999999999999645e+00 3.986716147949165290e-02
8.400000000000000355e+00 4.454851369733779654e-02
8.450000000000001066e+00 4.945057051062751868e-02
8.500000000000000000e+00 5.455094957220370244e-02
8.550000000000000711e+00 5.985383320688601738e-02
8.599999999999999645e+00 6.538359742461240243e-02
8.650000000000000355e+00 7.118661913737553415e-02
8.700000000000001066e+00 7.734012280785844407e-02
8.750000000000000000e+00 8.390814574130894821e-02
8.800000000000000711e+00 9.098099417737141870e-02
8.849999999999999645e+00 9.865448590770298232e-02
8.900000000000000355e+00 1.070207963431818593e-01
8.950000000000001066e+00 1.161678422714424869e-01
9.000000000000000000e+00 1.261680994689890756e-01
9.050000000000000711e+00 1.370772773910328146e-01
9.099999999999999645e+00 1.489278734400457938e-01
9.150000000000000355e+00 1.617314508507180504e-01
9.200000000000001066e+00 1.754672113577936676e-01
9.250000000000000000e+00 1.900881152483263614e-01
9.300000000000000711e+00 2.055206413949748345e-01
9.349999999999999645e+00 2.216689331922429562e-01
9.400000000000000355e+00 2.384130532179365991e-01
9.450000000000001066e+00 2.556202530028739428e-01
9.500000000000000000e+00 2.731486281376532266e-01
9.550000000000000711e+00 2.908523912003209144e-01
9.600000000000001421e+00 3.085894106192280661e-01
9.650000000000000355e+00 3.262257147750917685e-01
9.700000000000001066e+00 3.436419795112625741e-01
9.750000000000000000e+00 3.607389793998893035e-01
9.800000000000000711e+00 3.774407446919345044e-01
9.850000000000001421e+00 3.936967051132223006e-01
9.900000000000000355e+00 4.094828971170483278e-01
9.950000000000001066e+00 4.248008675253213684e-01
