0.000000000000000000e+00 9.970262686491399018e-01
5.000000000000000278e-02 9.915892968627700865e-01
1.000000000000000056e-01 9.813370561645589074e-01
1.500000000000000222e-01 9.665267159701441679e-01
2.000000000000000111e-01 9.475192306623517746e-01
2.500000000000000000e-01 9.247650535390398163e-01
3.000000000000000444e-01 8.987852504764364259e-01
3.500000000000000333e-01 8.701510301240579226e-01
4.000000000000000222e-01 8.394616974623341221e-01
4.500000000000000111e-01 8.073207986114012691e-01
5.000000000000000000e-01 7.743147472423875799e-01
5.500000000000000444e-01 7.409913210648465531e-01
6.000000000000000888e-01 7.078438046924890870e-01
6.500000000000000222e-01 6.752920148616265994e-01
7.000000000000000666e-01 6.436775448087903584e-01
7.500000000000000000e-01 6.132499923361447447e-01
8.000000000000000444e-01 5.841724122653659812e-01
8.500000000000000888e-01 5.565206402134821317e-01
9.000000000000000222e-01 5.302826931376223296e-01
9.500000000000000666e-01 5.053726898552195479e-01
1.000000000000000000e+00 4.816624712438483114e-01
1.050000000000000044e+00 4.589692001700219626e-01
1.100000000000000089e+00 4.370860404391527787e-01
1.150000000000000133e+00 4.158108594137049918e-01
1.200000000000000178e+00 3.949195076406740168e-01
1.250000000000000000e+00 3.742323781232437807e-01
1.300000000000000044e+00 3.535966776829337910e-01
1.350000000000000089e+00 3.328915460816652128e-01
1.400000000000000133e+00 3.120715500536563325e-01
1.450000000000000178e+00 2.911458837810658173e-01
1.500000000000000000e+00 2.701457998992279341e-01
1.550000000000000044e+00 2.491883217192462641e-01
1.600000000000000089e+00 2.284167633389957985e-01
1.650000000000000133e+00 2.080113771139666112e-01
1.700000000000000178e+00 1.881783843210310114e-01
1.750000000000000000e+00 1.691303919915611575e-01
1.800000000000000044e+00 1.510844909967383742e-01
1.850000000000000089e+00 1.342364277074265255e-01
1.900000000000000133e+00 1.187745760585311450e-01
1.950000000000000178e+00 1.048420328108670974e-01
2.000000000000000000e+00 9.254061447507218319e-02
2.050000000000000266e+00 8.192512256772470358e-02
2.100000000000000089e+00 7.300557340887550706e-02
2.149999999999999911e+00 6.573428175729824352e-02
2.200000000000000178e+00 6.002548962093668533e-02
2.250000000000000000e+00 5.575193036410781150e-02
2.300000000000000266e+00 5.275341060899944867e-02
2.350000000000000089e+00 5.084807268118467227e-02
2.400000000000000355e+00 4.984146290874626184e-02
2.450000000000000178e+00 4.953717071508671743e-02
2.500000000000000000e+00 4.974681633458442193e-02
2.550000000000000266e+00 5.030110942369405563e-02
2.600000000000000089e+00 5.105784704025322085e-02
2.650000000000000355e+00 5.190839289644637311e-02
2.700000000000000178e+00 5.278491316467458921e-02
2.750000000000000000e+00 5.365797695479520429e-02
2.800000000000000266e+00 5.453953762068764616e-02
2.850000000000000089e+00 5.548016074271128889e-02
2.900000000000000355e+00 5.656402859471246214e-02
2.950000000000000178e+00 5.790244338147818026e-02
3.000000000000000000e+00 5.962599478025599337e-02
3.050000000000000266e+00 6.187738524491773195e-02
3.100000000000000089e+00 6.479975402902772574e-02
3.150000000000000355e+00 6.852932915040094164e-02
3.200000000000000178e+00 7.318528147177096044e-02
3.250000000000000000e+00 7.886176603889251402e-02
3.300000000000000266e+00 8.562289898499458873e-02
3.350000000000000089e+00 9.349435285946641749e-02
3.400000000000000355e+00 1.024639189185827942e-01
3.450000000000000178e+00 1.124789468128610387e-01
3.500000000000000000e+00 1.234449067443468967e-01
3.550000000000000266e+00 1.352368912781530819e-01
3.600000000000000089e+00 1.476941104160144347e-01
3.650000000000000355e+00 1.606316890493134919e-01
3.700000000000000178e+00 1.738456557851706941e-01
3.750000000000000000e+00 1.871241553897247945e-01
3.800000000000000266e+00 2.002544117363215803e-01
3.850000000000000089e+00 2.130334831149236219e-01
3.900000000000000355e+00 2.252786091567060278e-01
3.950000000000000178e+00 2.368266754785990358e-01
4.000000000000000000e+00 2.475516544254216245e-01
4.049999999999999822e+00 2.573631714815108884e-01
4.100000000000000533e+00 2.662122115646393672e-01
4.150000000000000355e+00 2.740938283459145031e-01
4.200000000000000178e+00 2.810444668205246410e-01
4.250000000000000000e+00 2.871453213122260317e-01
4.299999999999999822e+00 2.925105007483924102e-01
4.350000000000000533e+00 2.972895473160729329e-01
4.400000000000000355e+00 3.016545693009386464e-01
4.450000000000000178e+00 3.057963951753284171e-01
4.500000000000000000e+00 3.099139942693662220e-01
4.549999999999999822e+00 3.142064364394937526e-01
4.600000000000000533e+00 3.188602547719913138e-01
4.650000000000000355e+00 3.240440928211121285e-01
4.700000000000000178e+00 3.298964245445663024e-01
4.750000000000000000e+00 3.365214657246644592e-01
4.800000000000000711e+00 3.439850919713375865e-01
4.850000000000000533e+00 3.523020764675111605e-01
4.900000000000000355e+00 3.614424984904099358e-01
4.950000000000000178e+00 3.713244351354592077e-01
5.000000000000000000e+00 3.818173181079502765e-01
5.050000000000000711e+00 3.927462808087622825e-01
5.100000000000000533e+00 4.038934115843705874e-01
5.150000000000000355e+00 4.150091997260546561e-01
5.200000000000000178e+00 4.258111975274784244e-01
5.250000000000000000e+00 4.360056257970735261e-01
5.300000000000000711e+00 4.452883849203266853e-01
5.350000000000000533e+00 4.533571157078215008e-01
5.400000000000000355e+00 4.599271941359753813e-01
5.450000000000000178e+00 4.647368406726429257e-01
5.500000000000000000e+00 4.675554799899211966e-01
5.550000000000000711e+00 4.681983302040226280e-01
5.600000000000000533e+00 4.665271233522793604e-01
5.650000000000000355e+00 4.624613096446624771e-01
5.700000000000000178e+00 4.559807840471264972e-01
5.750000000000000000e+00 4.471258508979714108e-01
5.800000000000000711e+00 4.359973164695018499e-01
5.850000000000000533e+00 4.227544423678374352e-01
5.900000000000000355e+00 4.076092460576269394e-01
5.950000000000000178e+00 3.908190395044962018e-01
6.000000000000000000e+00 3.726788660552466381e-01
6.050000000000000711e+00 3.535096612376137926e-01
6.100000000000000533e+00 3.336499694271528038e-01
6.150000000000000355e+00 3.134429362863336288e-01
6.200000000000000178e+00 2.932303562292900012e-01
6.250000000000000000e+00 2.733289242926500995e-01
6.300000000000000711e+00 2.540295872652714171e-01
6.350000000000000533e+00 2.355858465221020992e-01
6.400000000000000355e+00 2.182064951140676168e-01
6.450000000000000178e+00 2.020508032736980930e-01
6.500000000000000000e+00 1.872259548893115966e-01
6.550000000000000711e+00 1.737841196236784291e-01
6.600000000000000533e+00 1.617250816040874395e-01
6.650000000000000355e+00 1.510028973469648983e-01
6.700000000000000178e+00 1.415275104698649200e-01
6.750000000000000000e+00 1.331750648980815355e-01
6.800000000000000711e+00 1.257919258163038290e-01
6.850000000000000533e+00 1.192113946921409262e-01
6.900000000000000355e+00 1.132589905308272610e-01
6.950000000000000178e+00 1.077636660949510133e-01
7.000000000000000000e+00 1.025646721230690228e-01
7.050000000000000711e+00 9.752293023841149266e-02
7.100000000000000533e+00 9.252598173285457583e-02
7.150000000000000355e+00 8.749091411964698972e-02
7.200000000000000178e+00 8.236697485116795114e-02
7.250000000000000000e+00 7.714585613967424316e-02
7.300000000000000711e+00 7.184935212607919397e-02
7.350000000000000533e+00 6.652187733355041654e-02
7.400000000000000355e+00 6.123775875420498643e-02
7.450000000000000178e+00 5.608735890828512455e-02
7.500000000000000000e+00 5.117562733395087521e-02
7.550000000000000711e+00 4.661148478886372598e-02
7.600000000000000533e+00 4.249704931857370416e-02
7.650000000000000355e+00 3.892440167137409951e-02
7.700000000000000178e+00 3.596823815031566229e-02
7.750000000000000000e+00 3.368061501055167467e-02
7.800000000000000711e+00 3.208777613102142129e-02
7.850000000000000533e+00 3.118901309844922254e-02
7.900000000000000355e+00 3.095446062225363365e-02
7.950000000000000178e+00 3.133018085164534366e-02
8.000000000000000000e+00 3.223862512615133236e-02
8.050000000000000711e+00 3.357913578702791113e-02
8.099999999999999645e+00 3.526036575520116734e-02
8.150000000000000355e+00 3.717501671059530999e-02
8.200000000000001066e+00 3.922102203682694549e-02
8.250000000000000000e+00 4.130823763263746784e-02
8.300000000000000711e+00 4.336623851690382669e-02
8.349999999999999645e+00 4.535270129685661095e-02
8.400000000000000355e+00 4.725309672941564038e-02
8.450000000000001066e+00 4.909056082842007396e-02
8.500000000000000000e+00 5.091567053113032343e-02
8.550000000000000711e+00 5.281615445125201203e-02
8.599999999999999645e+00 5.490658867339007904e-02
8.650000000000000355e+00 5.732840177638360429e-02
8.700000000000001066e+00 6.024332371019840149e-02
8.750000000000000000e+00 6.382366411199395795e-02
8.800000000000000711e+00 6.824531256662134948e-02
8.849999999999999645e+00 7.367764983993589645e-02
8.900000000000000355e+00 8.028061076125617146e-02
8.950000000000001066e+00 8.818954318305764761e-02
9.000000000000000000e+00 9.750913582242574928e-02
9.050000000000000711e+00 1.083095536346470877e-01
9.099999999999999645e+00 1.206216538841305419e-01
9.150000000000000355e+00 1.344340490896095419e-01
9.200000000000001066e+00 1.496945258544302437e-01
9.250000000000000000e+00 1.663078581820613688e-01
9.300000000000000711e+00 1.841458139254991411e-01
9.349999999999999645e+00 2.030497558520465151e-01
9.400000000000000355e+00 2.228386352432055184e-01
9.450000000000001066e+00 2.433163993054330010e-01
9.500000000000000000e+00 2.642814435416309671e-01
9.550000000000000711e+00 2.855347534338469329e-01
9.600000000000001421e+00 3.068892000988809876e-01
9.650000000000000355e+00 3.281764399046601111e-01
9.700000000000001066e+00 3.492533737018597706e-01
9.750000000000000000e+00 3.700069426406057405e-01
9.800000000000000711e+00 3.903562968376693698e-01
9.850000000000001421e+00 4.102535659963121306e-01
9.900000000000000355e+00 4.296819471206264618e-01
9.950000000000001066e+00 4.486518746432356375e-01
